66266							
tu26_E_05							
20620	27518	0	401600000	9.049	-81.67	11.451	-92.178
20621	14877	2	401600000	9.293	-81.685	6.346	-94.889
20622	72405	-2	401600000	9.31	-82.206	2.687	-111.572
20623	78396	-9	401600000	9.423	-81.763	1.798	-115.006
20624	5353	-2	401600000	9.472	-82.188	17.876	-44.682
20625	9175	-2	401600000	9.731	-82.262	16.921	-50.026
20625	10705	-2	401600000	9.76	-82.292	8.707	-86.84
20625	30416	-2	401600000	9.826	-82.318	17.074	-115.035
20625	81241	-2	401600000	9.939	-82.253	12.76	-69.514
20626	29857	-1	401600000	10.035	-82.261	16.34	-110.178
20627	15108	-2	401600000	10.144	-82.15	0.913	-122.95
20627	51617	-2	401600000	10.22	-81.856	0.252	-37.656
20628	22851	-2	401600000	10.373	-82.125	3.475	-52.265
20628	37455	-2	401600000	10.388	-82.13	4.766	-56.606
20628	37495	-2	401600000	10.785	-80.571	10.035	-78.494
20628	56539	-2	401600000	10.477	-82.034	8.99	-75.346
20629	22136	-1	401600000	10.651	-81.882	2.656	-46.936
20629	41823	0	401600000	10.757	-81.989	13.251	-93.227
20629	81408	-9	401600000	10.679	-82.082	13.075	-72.321
20630	8627	-1	401600000	11.15	-82.152	19.63	-44.003
20630	14711	-9	401600000	11.036	-82.73	8.733	-92.1
20630	79636	-2	401600000	11.179	-82.282	1.549	-124.648
20631	12127	-2	401600000	11.29	-82.51	7.687	-98.09
20631	67112	-2	401600000	11.148	-81.977	13.891	-68.678
20632	18110	-2	401600000	11.827	-83.409	3.42	-118.257
20632	50680	-2	401600000	12.139	-82.777	5.748	-53.575
20634	77180	1	401600000	12.326	-83.24	7.947	-101.844
20635	7687	-2	401600000	12.155	-83.194	22.111	-36.302
20635	79454	-2	401600000	12.929	-82.719	19.641	-53.368
20636	12548	-9	401600000	13.754	-81.952	15.363	-75.787
20636	29306	-2	401600000	13.084	-83.173	7.315	-57.923
20636	29348	-2	401600000	12.148	-82.456	18.898	-106.659
20636	83692	1	401600000	13.23	-83.201	11.946	-89.007
20637	16951	-2	401600000	13.332	-83.198	7.216	-111.044
20637	34655	1	401600000	13.436	-83.195	17.378	-100.45
20637	69506	-1	401600000	13.682	-83.118	12.704	-87.687
20638	2030	-2	401600000	13.788	-83.155	4.492	-126.282
20638	54862	-2	401600000	14.052	-82.897	8.683	-58.997
20639	58911	0	401600000	14.499	-82.403	17.5	-96.43
20640	26354	-1	401600000	15.002	-82.33	3.912	-35.343
20640	27312	-2	401600000	14.966	-82.327	16.11	-87.466
20640	44103	2	401600000	15.059	-82.222	21.098	-109.779
20641	11210	0	401600000	15.459	-82.114	18.306	-68.82
20642	16287	0	401600000	16.143	-81.991	10.75	-105.964
20642	36981	-2	401600000	16.301	-82.023	24.776	-119.861
20643	36635	-1	401600000	16.725	-81.902	23.996	-114.484
20644	24541	0	401600000	17.3	-82.533	13.695	-66.656
20644	59251	-1	401600000	17.495	-82.725	26.168	-120.839
20644	78523	-2	401600000	17.599	-82.828	24.766	-48.336
20645	7308	-2	401600000	17.738	-82.911	22.564	-61.166
20645	28847	-1	401600000	17.792	-83.061	10.895	-53.58
20645	62797	-1	401600000	18.061	-83.285	26.846	-123.501
20645	64641	-1	401600000	17.94	-83.356	25.535	-50.04
20645	64833	-2	401600000	17.958	-83.303	25.501	-51.002
20645	82783	-2	401600000	18.037	-83.51	17.859	-84.331
20646	12413	1	401600000	18.129	-83.534	13.775	-102.741
20646	29782	0	401600000	18.2	-83.524	22.537	-103.647
20646	47395	-2	401600000	18.357	-83.643	28.878	-134.61
20647	14925	0	401600000	18.688	-83.603	15.459	-99.08
20647	33450	1	401600000	18.666	-83.799	19.956	-89.408
20647	69401	1	401600000	18.791	-83.94	17.807	-88.343
20648	56149	-2	401600000	19.081	-84.317	21.161	-93.608
20648	75044	-9	401600000	19.196	-84.646	8.538	-132.524
20649	43423	-1	401600000	19.318	-84.699	22.385	-99.251
20649	57723	-9	401600000	19.952	-85.492	18.024	-76.29
20649	76741	-1	401600000	19.537	-84.687	27.205	-50.017
20649	77435	-2	401600000	19.512	-84.796	28.974	-38.542
20649	78447	-2	401600000	19.575	-84.57	12.424	-115.826
20650	26928	0	401600000	19.657	-84.946	19	-82.117
20651	66707	-2	401600000	20.336	-86.044	24.347	-67.498
20651	86299	0	401600000	20.443	-85.489	14.858	-111.465
20653	36357	-2	401600000	22.028	-85.718	15.089	-59.752
20654	6496	0	401600000	22.56	-86.196	30.086	-52.546
20654	24423	0	401600000	22.868	-86.391	16.883	-59.765
20654	81472	0	401600000	23.564	-86.987	12.23	-135.799
20655	10396	1	401600000	23.732	-86.939	29.969	-58.057
20655	28010	-2	401600000	23.945	-87.01	13.39	-38.921
20655	80584	0	401600000	24.613	-87.188	14.876	-130.679
20656	455	-2	401600000	24.969	-87.237	19.24	-114.41
20656	14775	0	401600000	25.139	-87.093	23.389	-95.382
20656	29483	1	401600000	25.33	-87.151	27.284	-96.337
20656	33456	-2	401600000	25.398	-87.152	23.98	-80.478
20656	67970	-2	401600000	25.66	-87.279	37.754	-29.073
20656	85571	0	401600000	25.793	-87.519	22.454	-103.032
20657	34695	-1	401600000	25.772	-87.943	36.382	-138.785
20657	69477	0	401600000	25.85	-88.413	26.158	-87.057
20658	18405	0	401600000	25.951	-88.806	19.095	-119.885
20658	38069	1	401600000	25.896	-89.111	31.571	-115.586
20658	56979	3	401600000	25.991	-89.342	21.263	-66.984
20658	72678	3	401600000	26.102	-89.515	31.734	-64.347
20659	59542	0	401600000	26.692	-90.173	31.57	-112.035
20660	26796	0	401600000	27.235	-90.008	23.495	-72.922
20660	45414	-1	401600000	27.473	-90.131	31.396	-109.246
20660	79858	1	401600000	27.804	-89.966	34.684	-56.722
20661	12967	0	401600000	27.905	-89.935	24.771	-104.345
20661	32467	-1	401600000	27.935	-89.882	33.398	-116.3
20661	83048	-1	401600000	28.129	-90.033	26.34	-98.561
20662	18464	0	401600000	28.137	-89.74	20.837	-124.45
20662	34855	-9	401600000	27.977	-89.354	28.444	-91.094
20662	69977	-1	401600000	28.384	-89.826	38.723	-42.466
20662	72631	-1	401600000	28.225	-90.129	23.849	-110.04
20663	2816	-2	401600000	28.315	-90.243	19.202	-130.653
20663	39736	-2	401600000	28.079	-90.151	25.733	-79.106
20664	9796	-2	401600000	27.973	-90.426	35.39	-53.751
20664	45952	0	401600000	27.952	-90.177	32.16	-111.269
20664	78756	-2	401600000	28.028	-90.303	33.71	-62.923
20664	80638	0	401600000	28.059	-90.382	19.748	-126.751
20665	9865	0	401600000	27.954	-90.411	30.409	-78.918
20665	29676	-1	401600000	27.995	-90.37	29.268	-96.267
20665	44608	-2	401600000	27.777	-90.176	29.645	-99.879
20665	64855	-2	401600000	28.088	-90.426	37.716	-48.737
20665	79968	0	401600000	28.047	-90.312	21.028	-121.145
20666	13572	-9	401600000	28.853	-89.655	31.371	-82.207
20666	15547	-2	401600000	27.967	-90.546	20.476	-121.561
20666	29011	0	401600000	27.949	-90.29	28.174	-91.329
20666	83402	0	401600000	27.869	-90.211	29.22	-83.765
20668	1224	0	401600000	27.924	-89.618	21.384	-121.047
20668	36824	2	401600000	27.927	-89.371	31.589	-105.961
20668	54951	-2	401600000	27.906	-89.273	20.027	-51.525
20669	42245	-1	401600000	27.999	-88.95	40.516	-149.181
20669	44394	0	401600000	27.696	-88.787	30.896	-103.967
20669	59617	0	401600000	27.604	-88.778	27.717	-89.318
20669	77088	-1	401600000	27.51	-88.761	24.921	-100.19
20669	77462	0	401600000	27.506	-88.776	35.313	-52.413
20670	43227	-2	401600000	27.15	-88.556	28.047	-92.912
20670	63033	-1	401600000	27.123	-88.746	38.338	-140.752
20670	64078	-2	401600000	27.109	-88.793	34.899	-125.81
20670	82191	-1	401600000	26.904	-88.87	15.024	-142.252
20671	12594	-2	401600000	26.994	-88.763	30.917	-75.024
20673	54486	-2	401600000	26.613	-90.541	21.445	-71.624
20673	54628	-1	401600000	26.657	-90.381	22.619	-72.832
20674	23928	-2	401600000	26.926	-90.8	17.369	-50.925
20674	58830	1	401600000	27.024	-91.346	24.703	-80.298
20674	59952	2	401600000	27.043	-91.397	31.784	-113.219
20675	8344	-1	401600000	27.1	-91.699	33.378	-63.1
20675	8421	-2	401600000	27.095	-91.73	33.256	-63.384
20675	82715	0	401600000	27.177	-92.462	31.554	-76.483
20676	11098	-2	401600000	27.229	-92.38	33.088	-63.412
20676	13293	-1	401600000	27.362	-92.086	24.657	-104.786
20676	29296	-9	401600000	27.621	-93.355	26.505	-87.755
20676	70141	-2	401600000	27.047	-93.386	28.881	-87.731
20677	15874	-2	401600000	27.443	-93.146	26.099	-99.701
20677	22126	-2	401600000	27.758	-92.78	16.117	-148.514
20677	34438	1	401600000	27.75	-92.725	35.966	-131.836
20677	36598	-2	401600000	27.744	-92.717	29.5	-100.723
20677	71346	-1	401600000	27.846	-92.681	36.423	-51.889
20678	42125	-2	401600000	27.688	-92.892	38.188	-143.357
20678	56721	-9	401600000	27.944	-91.627	26.859	-87.297
20678	58977	-2	401600000	28.55	-91.275	26.114	-82.716
20679	81832	-2	401600000	27.791	-93.95	18.689	-135.484
20680	10522	-1	401600000	27.936	-93.52	31.209	-78.648
20680	26736	1	401600000	27.79	-93.607	22.351	-68.077
20680	32815	-1	401600000	27.76	-93.53	32.516	-116.475
20680	34909	-2	401600000	28.119	-93.998	25.688	-82.399
20680	61508	0	401600000	27.679	-93.775	33.566	-121.706
20680	81688	-2	401600000	27.867	-93.801	18.479	-131.42
20681	31979	-2	401600000	27.47	-93.982	31.113	-111.235
20681	34236	-2	401600000	27.638	-94.282	23.852	-76.89
20682	15260	0	401600000	27.276	-94.451	27.939	-91.475
20682	32834	-2	401600000	27.856	-93.288	21.35	-71.055
20682	38934	-9	401600000	27.532	-94.163	33.646	-118.171
20682	53823	-2	401600000	27.299	-94.109	20.046	-60.892
20683	24983	-2	401600000	27.287	-94.762	18.255	-52.708
20683	42995	-2	401600000	27.988	-95.832	25.03	-81.856
20683	77653	-1	401600000	27.015	-95.119	15.536	-147.086
20684	64343	-1	401600000	26.972	-95.347	37.166	-143.747
20684	81752	-2	401600000	26.94	-95.084	33.034	-66.837
20685	10929	-2	401600000	26.635	-95.211	34.402	-57.128
20685	18481	-2	401600000	26.569	-95.059	16.449	-141.513
20685	61616	-1	401600000	26.605	-94.886	27.687	-100.039
20685	64184	-2	401600000	26.577	-94.619	37.537	-40.619
20686	17683	-1	401600000	26.706	-94.615	17.625	-135.828
20686	30321	0	401600000	26.931	-94.374	16.649	-49.221
20686	36500	-2	401600000	26.941	-94.756	27.424	-96.965
20686	84649	0	401600000	26.891	-94.139	27.313	-92.105
20687	16823	-1	401600000	26.822	-94.422	19.024	-129.87
20687	34385	1	401600000	26.873	-94.127	34.461	-130.061
20687	69095	2	401600000	26.786	-94.041	29.787	-80.032
20687	70282	-2	401600000	26.779	-94.048	37.68	-41.711
20688	10386	-2	401600000	26.687	-94.127	30.751	-76.027
20688	28026	-2	401600000	26.767	-94.188	23.112	-76.904
20688	63585	-2	401600000	26.464	-93.902	30.993	-115.827
20688	76174	-2	401600000	25.997	-94.899	29.667	-85.153
20689	39699	-2	401600000	26.256	-93.874	18.219	-62.961
20689	61872	-2	401600000	26.021	-93.978	28.395	-103.98
20690	8636	-1	401600000	25.9	-94.027	32.587	-62.796
20690	14324	-2	401600000	25.463	-94.265	21.814	-110.5
20690	14362	0	401600000	25.941	-93.844	22.272	-111.66
20690	26223	-1	401600000	25.718	-94.155	19.972	-68.209
20690	44813	-2	401600000	25.583	-93.673	27.082	-101.19
20691	32198	-1	401600000	25.128	-94.61	28.545	-110.965
20691	49152	-1	401600000	25.256	-94.541	34.102	-137.295
20691	66568	-2	401600000	24.807	-94.584	32.278	-58.808
20692	72146	-1	401600000	24.53	-94.818	22.964	-101.763
20692	72794	-2	401600000	24.251	-95.089	31.875	-59.673
20693	1756	0	401600000	24.442	-94.779	19.408	-117.975
20693	37866	0	401600000	24.375	-94.435	27.168	-107.292
20693	40589	0	401600000	24.399	-94.671	18.504	-66.762
20693	72129	-2	401600000	24.256	-94.392	32.773	-54.618
20694	45221	0	401600000	24.227	-93.922	26.204	-104.004
20695	61832	-1	401600000	23.956	-93.967	30.878	-125.644
20696	13600	0	401600000	23.758	-94.035	26.82	-79.424
20696	48024	0	401600000	23.699	-94.033	31.185	-129.562
20697	2200	-1	401600000	23.513	-93.724	17.641	-120.608
20697	18508	-1	401600000	23.397	-94.089	18.555	-116.05
20697	57003	0	401600000	23.296	-94.061	17.128	-66.151
20697	69242	-9	401600000	22.983	-94.504	27.982	-79.538
20697	74682	-9	401600000	22.971	-94.209	16.145	-125.232
20698	39959	-1	401600000	23.007	-94.094	30.813	-128.657
20698	74630	0	401600000	23.013	-94.166	17.256	-120.064
20698	74750	0	401600000	22.884	-94.232	27.331	-74.194
20699	26817	-2	401600000	22.667	-94.833	17.179	-72.083
20699	80913	-2	401600000	22.527	-94.36	27.221	-73.263
20702	1004	-1	401600000	21.721	-94.361	18.257	-110.373
20703	38154	-1	401600000	21.492	-94.131	12.041	-50.664
20703	55698	-1	401600000	21.366	-94.214	17.46	-76.846
20704	42585	0	401600000	21.182	-94.239	19.724	-87.529
20704	59585	-1	401600000	21.095	-94.168	19.305	-85.822
20704	76325	0	401600000	21.053	-94.243	22.528	-87.617
20704	76461	0	401600000	21.038	-94.101	11.138	-138.579
20706	11716	-1	401600000	20.68	-94.244	27.153	-63.537
20707	21	-9	401600000	20.611	-93.58	17.353	-102.685
20707	16699	-2	401600000	20.393	-93.853	18.629	-101.137
20707	34455	-2	401600000	20.19	-94.403	28.187	-131.786
20707	52563	-1	401600000	20.306	-94.236	10.7	-52.23
20708	18702	0	401600000	20.139	-94.671	9.875	-139.505
20708	36931	-2	401600000	20.188	-94.409	9.001	-41.582
20708	39520	0	401600000	20.068	-94.521	25.938	-121.181
20708	74455	0	401600000	20.211	-94.4	14.983	-117.736
20709	41708	-1	401600000	20.071	-94.739	16.587	-78.463
20709	58794	0	401600000	20.027	-94.849	16.493	-78.496
20709	78069	-1	401644717.0	20.211	-94.602	30.302	-48.755
20710	26060	-2	401644631.5	19.998	-95.041	12.959	-67.070
20710	45921	-1	401644748.8	19.887	-94.684	24.395	-115.635
20710	63061	0	401644700.1	20.079	-94.938	24.594	-115.513
20710	80425	-1	401644686.0	20.153	-94.918	28.765	-54.850
20711	10897	-1	401644656.0	20.053	-95.004	28.393	-55.404
20711	31076	0	401644713.1	20.147	-95.018	11.017	-55.632
20712	15387	-9	401644686.0	20.121	-97.156	21.502	-90.568
20713	2819	-1	401644669.8	19.990	-95.216	12.907	-127.931
20713	54134	0	401644665.2	19.920	-95.241	12.433	-62.140
20714	40619	0	401644653.6	19.756	-95.366	14.099	-69.116
20714	58012	-1	401644663.1	19.605	-95.378	14.328	-70.697
20714	59246	-2	401644686.0	19.799	-95.455	21.712	-104.023
20714	76269	-9	401644686.0	19.605	-95.115	10.722	-135.493
20715	7210	-1	401644571.5	19.799	-95.348	30.437	-46.646
20715	45309	-9	401644571.5	19.901	-93.809	22.700	-107.080
20715	46753	-9	401644571.5	19.640	-95.290	27.373	-132.538
20715	62365	-1	401644674.3	19.505	-95.362	22.253	-108.166
20715	62385	1	401644676.4	19.508	-95.363	22.250	-108.169
20715	80605	0	401644772.8	19.754	-94.640	13.740	-121.408
20716	12117	-2	401644676.4	19.810	-96.563	21.930	-87.493
20716	12334	2	401644627.1	19.440	-95.278	20.965	-88.451
20716	28811	-1	401644635.3	19.393	-95.231	17.586	-87.022
20717	14747	2	401644628.2	19.191	-95.033	21.447	-84.925
20717	32917	1	401644631.5	19.160	-95.018	13.421	-70.426
20717	68695	0	401644659.0	19.193	-94.718	24.036	-73.132
20718	19070	0	401644675.8	19.287	-94.489	13.173	-122.525
20718	72960	-2	401644659.0	19.570	-94.122	27.896	-56.935
20718	73999	3	401644624.9	19.534	-94.223	14.406	-117.157
20719	40874	1	401644654.0	19.811	-94.018	18.189	-86.709
20720	44153	-9	401644624.9	19.950	-92.803	21.236	-98.972
20720	61253	-9	401644624.9	19.886	-93.960	21.646	-101.112
20721	48303	0	401644734.9	20.171	-94.114	28.916	-134.464
20721	65927	-9	401644624.9	20.105	-93.809	28.517	-54.407
20721	65944	-2	401644624.9	19.992	-94.380	29.190	-138.470
20721	82762	-2	401644624.9	20.010	-94.306	24.364	-74.305
20721	82894	-1	401644621.2	20.032	-94.286	10.283	-135.781
20722	52908	-2	401644624.9	19.953	-94.399	11.044	-54.500
20722	71589	0	401644634.9	20.068	-94.357	19.191	-97.739
20723	622	2	401644624.1	19.907	-94.473	16.465	-110.472
20725	43755	-2	401644624.1	20.831	-95.024	24.585	-108.883
20725	80037	-1	401644682.6	19.990	-94.438	15.681	-113.110
20725	83044	-1	401644627.3	20.000	-94.470	23.975	-76.164
20726	47365	0	401644666.4	19.980	-94.477	26.440	-125.197
20726	64836	-2	401644624.1	20.007	-94.506	28.240	-130.040
20727	34088	-1	401644646.3	19.969	-94.364	27.638	-130.115
20727	86384	-2	401644624.1	20.024	-94.128	17.194	-102.664
20728	17915	-2	401644624.1	20.023	-93.603	14.650	-110.124
20728	37143	0	401644670.5	20.042	-94.070	22.793	-103.972
20728	38386	1	401644689.6	20.208	-94.218	11.379	-54.456
20728	56399	0	401644665.8	20.144	-94.171	12.980	-61.404
20728	73723	0	401644653.6	20.177	-94.192	15.241	-116.560
20729	4304	0	401644683.0	20.242	-94.348	10.471	-138.402
20729	77128	0	401644639.0	20.221	-94.325	17.192	-90.294
20730	7808	-1	401644666.2	20.379	-94.267	30.344	-50.260
20731	13420	-2	401644639.0	20.439	-94.439	24.476	-75.502
20731	31637	1	401644653.8	20.358	-94.467	23.754	-110.141
20731	47093	-2	401644639.0	20.293	-94.645	28.844	-135.203
20732	17830	-2	401644639.0	19.876	-94.990	16.252	-111.764
20733	4283	-2	401644639.0	19.563	-94.815	9.920	-139.784
20733	55632	0	401644685.9	19.311	-94.252	10.594	-54.521
20734	42525	-2	401644639.0	20.470	-96.568	20.694	-97.459
20734	76248	1	401644654.7	19.023	-93.953	9.669	-135.143
20735	13782	-1	401644664.5	18.980	-93.737	22.076	-79.279
20735	13802	-2	401644654.7	18.988	-93.725	22.086	-79.316
20735	64706	0	401644705.0	18.873	-93.663	26.521	-129.311
20735	81107	-1	401644785.3	18.821	-93.965	22.689	-75.919
20736	12189	-2	401644705.0	18.884	-93.522	24.280	-68.386
20736	34630	-1	401644682.8	18.987	-93.260	28.077	-135.599
20736	68702	-1	401644741.4	18.952	-93.423	22.411	-77.326
20737	53201	-1	401644777.5	19.432	-92.700	11.635	-59.288
20737	74587	-1	401644662.4	19.470	-92.578	12.882	-121.406
20738	3521	0	401644657.3	19.469	-92.580	10.410	-132.912
20738	36192	-2	401644705.0	19.318	-92.005	21.081	-98.668
20738	41957	-2	401644705.0	19.559	-92.816	17.565	-85.552
20738	54389	-2	401644705.0	19.634	-92.260	9.985	-48.349
20739	6607	-2	401644705.0	19.605	-92.191	30.017	-43.619
20739	41554	-9	401644705.0	19.866	-92.128	30.515	-140.850
20739	81142	-2	401644705.0	20.023	-92.753	23.185	-78.027
20739	81142	-1	401644622.5	19.982	-92.448	26.543	-62.285
20740	63614	-1	401644756.9	20.329	-92.046	27.136	-123.099
20741	34281	-2	401644705.0	20.513	-92.323	18.072	-81.481
20741	65665	-2	401644705.0	20.472	-92.705	28.784	-53.789
20741	83851	0	401644639.4	20.700	-92.369	21.589	-88.187
20742	15968	0	401644728.5	20.894	-92.068	19.088	-100.577
20742	33473	1	401644659.7	20.844	-92.440	16.951	-75.560
20742	71310	0	401644682.5	21.017	-92.600	19.859	-97.800
20743	2393	0	401644660.8	21.222	-92.481	14.044	-124.815
20743	20950	0	401644641.2	21.256	-92.450	11.207	-137.268
20743	73686	0	401644677.4	21.456	-92.496	28.390	-61.932
20744	8711	-2	401644682.5	21.352	-92.434	28.132	-61.285
20744	23275	0	401644693.7	21.530	-92.478	11.177	-47.489
20744	39704	0	401644709.9	21.436	-92.326	15.637	-65.288
20744	58485	0	401644677.5	21.504	-92.575	18.325	-77.688
20744	60103	-2	401644711.3	21.486	-92.516	25.506	-110.845
20744	78399	-9	401644709.9	21.062	-92.541	18.255	-104.536
20744	80026	0	401644711.3	21.534	-92.357	26.827	-67.678
20744	80026	-1	401644637.9	21.634	-92.610	30.003	-53.970
20745	63043	0	401644672.4	21.557	-92.393	26.300	-114.921
20746	13310	-2	401644711.3	21.676	-92.485	20.652	-97.077
20746	48926	-2	401644711.3	21.696	-92.743	31.033	-138.264
20747	34010	-2	401644711.3	21.874	-92.986	29.514	-128.677
20747	68360	0	401644694.8	22.035	-92.505	26.224	-73.606
20748	20048	0	401644664.8	22.018	-92.578	13.610	-130.324
20748	73845	1	401644653.0	22.128	-92.649	16.619	-116.893
20749	75556	-2	401644653.0	22.486	-92.751	26.494	-78.145
20750	32063	-1	401644666.5	22.596	-92.979	26.943	-113.390
20750	61270	3	401644647.3	22.855	-92.954	28.948	-120.365
20750	61880	1	401644650.2	22.867	-92.945	25.825	-106.502
20750	61978	2	401644649.7	22.866	-92.946	25.792	-106.488
20750	80636	1	401644648.6	23.019	-92.971	16.906	-119.759
20751	16137	-9	401644647.0	23.078	-92.438	20.958	-98.751
20751	47730	0	401644701.2	23.358	-93.358	30.437	-127.818
20751	65959	1	401644653.3	23.464	-93.288	32.161	-53.917
20753	258	0	401644648.9	23.551	-94.045	20.872	-106.496
20753	19014	0	401644666.8	23.550	-94.178	17.474	-122.514
20753	37540	-9	401644666.8	23.532	-94.245	27.337	-105.270
20753	57834	-2	401644666.8	23.504	-94.381	18.694	-71.889
20753	72488	-2	401644666.8	23.468	-94.408	32.282	-53.344
20754	6997	-2	401644666.8	23.460	-94.414	33.678	-46.069
20754	62069	-2	401644666.8	23.475	-94.714	27.372	-107.018
20754	76069	2	401644652.1	23.341	-94.743	14.390	-134.685
20755	10175	-2	401644652.1	23.355	-94.753	32.190	-51.712
20755	47998	-2	401644652.1	23.182	-94.860	30.206	-128.933
20756	11554	2	401644657.6	23.291	-95.144	26.355	-81.211
20756	11613	2	401644657.2	23.291	-95.145	26.379	-81.207
20756	65405	0	401644655.9	23.322	-95.348	31.776	-134.377
20757	33273	-1	401644668.7	23.297	-95.310	29.873	-125.209
20758	18164	3	401644660.6	23.274	-95.525	19.239	-114.045
20758	37017	-2	401644660.6	23.299	-95.570	13.933	-52.051
20758	56687	0	401644684.3	23.288	-95.629	16.246	-64.017
20759	3617	1	401644656.2	23.182	-95.714	15.027	-132.437
20759	39803	3	401644659.8	23.112	-95.773	28.488	-119.970
20760	46517	-2	401644659.8	22.826	-95.991	27.913	-118.322
20760	46643	1	401644674.3	22.766	-95.902	27.772	-119.179
20760	79434	-9	401644687.8	22.767	-95.640	19.821	-108.827
20760	80949	0	401644687.8	22.740	-95.747	29.835	-61.676
20761	32353	0	401644666.3	22.652	-95.636	14.794	-60.963
20761	64879	1	401644661.3	22.677	-95.673	29.181	-126.863
20761	65745	-1	401644664.6	22.671	-95.665	32.590	-50.732
20762	18662	-1	401644664.1	22.736	-95.743	17.679	-117.441
20763	37225	-9	401644664.1	22.697	-94.980	23.419	-98.362
20764	42003	-2	401644664.1	22.859	-96.142	32.764	-138.485
20764	45839	-2	401644664.1	23.229	-96.240	30.135	-122.643
20764	76202	-9	401644664.9	22.826	-95.985	13.932	-133.275
20764	76953	-1	401644664.9	22.755	-96.058	25.166	-85.901
20765	10732	0	401644678.5	22.707	-96.098	28.143	-71.856
20765	44434	-9	401644664.9	23.112	-96.628	26.982	-111.114
20766	84716	-2	401644664.9	22.289	-97.385	24.957	-88.774
20767	33306	-1	401644704.0	22.746	-96.618	28.584	-123.068
20768	73701	-2	401644665.9	22.457	-96.664	18.330	-112.470
20768	73961	-1	401644665.9	22.472	-96.679	29.891	-62.583
20769	7589	-2	401644665.9	22.451	-96.605	33.069	-46.442
20769	58588	-2	401644665.9	22.355	-96.334	22.105	-95.199
20769	59776	-2	401644665.9	22.366	-96.382	20.157	-86.102
20770	44746	0	401644685.0	21.913	-96.422	22.824	-101.022
20770	64160	-2	401644665.9	21.909	-96.269	27.766	-122.782
20770	64347	0	401644682.7	21.849	-96.167	27.642	-123.390
20771	12047	-2	401644682.7	21.688	-96.052	24.752	-82.188
20771	12143	-2	401644682.7	21.672	-96.082	28.147	-65.191
20771	31184	-2	401644685.3	21.621	-95.948	23.380	-104.274
20771	31472	-1	401644685.3	21.610	-96.016	11.801	-52.848
20772	16379	-2	401644685.3	21.650	-95.657	20.004	-102.502
20772	36233	-2	401644685.3	21.222	-96.016	32.142	-147.364
20772	70847	2	401644670.1	20.982	-95.984	21.886	-91.896
20772	86279	-2	401644670.1	20.443	-96.540	16.484	-114.664
20773	21207	0	401644650.3	20.877	-96.165	11.544	-138.863
20773	42208	-2	401644670.1	20.860	-96.135	30.026	-138.438
20774	59043	-1	401644712.1	20.285	-95.720	16.995	-80.452
20774	82123	0	401644674.8	20.239	-95.675	13.504	-124.592
20775	14517	-9	401644670.1	19.957	-95.827	17.895	-104.549
20775	43359	-1	401644699.1	20.007	-95.571	19.644	-93.887
20775	81534	-9	401644670.1	20.200	-96.112	12.620	-120.632
20775	82147	-1	401644684.8	19.813	-95.412	23.285	-79.712
20776	16998	-1	401644659.5	19.582	-95.581	17.459	-105.685
20776	47907	3	401644690.9	19.713	-95.365	27.244	-130.631
20777	33315	-2	401644690.9	19.546	-95.083	25.968	-124.855
20778	577	-2	401644690.9	19.448	-94.315	15.090	-108.505
20778	73123	0	401644736.9	19.692	-94.682	28.694	-54.775
20778	73123	0	401644764.4	19.598	-94.742	15.989	-111.075
20779	43427	-9	401644736.9	19.056	-93.170	20.410	-98.191
20779	78304	0	401644727.1	19.896	-94.576	19.252	-97.446
20780	25399	-2	401644736.9	20.035	-94.471	12.860	-61.855
20780	31184	-2	401644736.9	20.071	-94.378	10.698	-52.452
20780	31452	-2	401644736.9	20.232	-94.273	23.526	-110.279
20780	62674	2	401644690.9	20.026	-94.393	23.701	-111.606
20780	82134	0	401644781.7	19.994	-94.588	24.409	-73.539
20781	30950	-2	401644690.9	19.990	-94.210	22.499	-105.708
20781	46966	1	401644715.4	19.933	-94.219	25.939	-122.800
20781	65218	-2	401644690.9	19.938	-94.146	29.622	-48.404
20782	20821	-2	401644690.9	19.876	-94.054	10.712	-136.761
20782	35693	-2	401644690.9	19.877	-94.039	18.891	-89.740
20782	39238	-1	401644669.3	19.838	-93.972	13.108	-63.710
20782	70851	0	401644693.3	19.780	-93.984	20.197	-92.125
20783	19706	-2	401644690.9	19.745	-93.953	12.663	-126.216
20783	23572	-2	401644690.9	19.746	-93.938	9.709	-47.520
20783	41312	-2	401644690.9	19.740	-93.945	28.221	-132.674
20784	3472	-2	401644690.9	19.608	-93.954	10.685	-135.507
20784	80580	-2	401644690.9	19.554	-93.588	24.546	-70.364
20784	80601	-1	401644772.5	19.735	-93.326	14.019	-118.816
20785	28235	-2	401644690.9	19.505	-93.701	17.731	-86.322
20785	46889	-1	401644700.5	19.532	-93.720	26.624	-125.932
20785	80024	0	401644748.8	19.514	-93.527	15.210	-112.572
20786	12029	-2	401644700.5	19.539	-93.693	21.320	-85.715
20786	12137	-1	401644697.5	19.523	-93.618	21.262	-85.788
20786	15282	0	401644698.7	19.514	-93.682	19.689	-92.885
20787	33076	-2	401644700.5	19.553	-93.379	26.373	-125.013
20787	36095	-2	401644700.5	19.550	-93.365	9.547	-47.235
20788	12484	-2	401644700.5	19.436	-93.279	24.154	-71.061
20788	37863	-2	401644700.5	19.338	-93.306	21.926	-105.006
20788	78412	-9	401644700.5	19.238	-93.655	18.361	-96.196
20789	26064	-2	401644700.5	19.245	-93.271	13.521	-67.389
20789	61766	-2	401644700.5	19.745	-93.508	24.200	-107.579
20789	81203	-2	401644700.5	19.272	-93.333	24.776	-67.604
20791	30633	-1	401644676.9	19.360	-93.395	22.132	-105.795
20791	84538	0	401644691.5	19.341	-93.366	19.447	-92.870
20792	34769	0	401644695.9	19.315	-93.464	16.867	-81.916
20792	70865	-9	401644695.9	19.357	-93.437	19.749	-92.009
20793	3038	-2	401644695.9	19.448	-93.433	11.127	-130.343
20793	74709	-1	401644679.3	19.647	-93.296	25.522	-67.547
20794	40382	0	401644684.1	19.680	-93.217	15.021	-71.571
20794	46014	-1	401644771.0	19.656	-92.915	25.594	-120.150
20794	79956	-2	401644695.9	19.805	-93.088	16.064	-110.735
20795	28261	-2	401644695.9	19.840	-93.154	18.289	-85.808
20795	79376	0	401644721.6	19.998	-93.107	17.306	-104.779
20796	13670	1	401644701.0	19.984	-93.053	22.681	-79.543
20796	64697	-1	401644655.9	20.005	-92.774	27.513	-128.362
20796	83907	-2	401644701.0	19.885	-93.552	22.795	-85.432
20797	15556	-1	401644725.0	20.237	-92.852	15.429	-114.605
20797	33152	-2	401644701.0	20.145	-92.954	26.928	-124.509
20797	73526	-2	401644701.0	20.120	-93.001	15.092	-115.798
20798	54163	-2	401644701.0	20.249	-92.899	13.498	-62.211
20798	72900	-2	401644701.0	20.204	-92.905	16.217	-110.991
20799	76691	0	401644712.7	20.309	-92.755	22.809	-83.419
20799	79234	-2	401644701.0	20.169	-92.893	28.740	-50.606
20800	25239	-1	401644691.2	20.149	-92.902	13.105	-61.228
20800	80692	0	401644841.3	20.126	-93.439	24.430	-72.904
20801	12930	-2	401644691.2	20.144	-92.888	24.816	-72.952
20802	2283	-2	401644691.2	20.136	-92.678	12.139	-125.069
20802	17313	-1	401644700.5	20.136	-92.752	16.416	-109.390
20803	479	1	401644759.4	19.949	-92.751	15.718	-112.400
20803	39079	-2	401644759.4	19.907	-93.140	12.722	-63.972
20804	59332	0	401644703.5	20.026	-92.685	19.054	-88.253
20804	61748	0	401644706.5	20.025	-92.700	26.361	-121.628
20804	75604	-9	401644759.4	20.013	-92.614	10.997	-130.577
20805	9768	-1	401644704.2	19.928	-92.588	26.417	-64.184
20805	28286	-2	401644759.4	19.608	-91.763	18.393	-86.205
20805	64096	-1	401644728.9	19.764	-92.547	26.721	-125.454
20805	82364	0	401644810.3	19.799	-93.128	22.917	-77.960
20806	11939	1	401644712.3	19.790	-92.444	25.782	-65.156
20806	33315	-2	401644759.4	19.783	-92.152	27.916	-128.463
20808	41861	-2	401644759.4	20.301	-92.390	30.020	-137.227
20808	43873	0	401644742.2	20.074	-92.046	23.541	-103.804
20809	4113	-9	401644759.4	19.878	-92.670	9.648	-141.037
20809	13911	-9	401644759.4	20.831	-91.630	23.348	-82.226
20809	58549	0	401644701.5	20.220	-92.350	17.551	-81.015
20810	11688	-2	401644701.5	20.251	-92.413	22.676	-81.537
20810	12102	-2	401644701.5	20.256	-92.429	25.150	-69.335
20810	63403	0	401644701.1	20.264	-92.412	25.576	-117.858
20810	84056	1	401644732.0	20.345	-92.489	18.994	-98.701
20811	30408	-2	401644701.5	20.426	-92.506	22.701	-103.736
20811	64977	1	401644700.6	20.504	-92.471	30.323	-47.389
20812	33009	-2	401644700.6	20.396	-92.484	14.442	-66.114
20813	9498	-2	401644700.6	20.343	-92.654	26.923	-62.669
20813	75743	-2	401644700.6	20.153	-92.671	11.180	-133.844
20814	22516	-2	401644700.6	20.012	-92.699	8.687	-40.447
20814	28425	-2	401644700.6	19.855	-91.982	19.287	-89.215
20814	41407	-9	401644700.6	20.101	-92.644	17.795	-83.539
20814	81722	-2	401644700.6	19.971	-92.597	24.391	-71.713
20815	7886	0	401644631.2	19.914	-92.640	29.343	-49.897
20815	11067	-2	401644700.6	19.928	-92.606	26.524	-61.691
20815	61913	0	401644715.9	19.819	-92.806	24.561	-108.420
20815	83224	0	401644752.2	19.776	-92.981	9.813	-136.527
20816	19106	-2	401644631.2	19.944	-93.217	9.687	-139.556
20816	67987	2	401644718.3	19.641	-93.060	24.824	-70.060
20816	68019	-1	401644717.9	19.641	-93.062	24.856	-70.005
20819	12015	-2	401644718.3	19.344	-92.764	25.338	-65.789
20819	39748	-2	401644718.3	19.481	-92.845	26.701	-121.767
20820	9706	-2	401644718.3	19.229	-92.752	25.122	-66.251
20820	25136	-2	401644718.3	19.179	-92.680	11.884	-60.091
20821	32404	0	401644736.1	19.305	-92.558	12.656	-64.128
20821	37373	-2	401644718.3	19.381	-92.376	9.859	-51.478
20821	54118	-2	401644718.3	19.484	-92.259	12.128	-63.062
20821	71228	-2	401644718.3	19.551	-92.430	18.513	-95.095
20821	83780	0	401644713.3	19.446	-92.373	20.277	-88.211
20822	37586	-9	401644713.3	19.771	-92.408	23.748	-104.875
20822	70003	0	401644709.5	19.712	-92.364	20.380	-89.321
20823	2242	-9	401644713.3	19.845	-92.492	11.966	-125.683
20823	40881	-1	401644722.2	19.937	-92.168	16.868	-77.841
20823	77340	-2	401644713.3	19.628	-92.319	19.773	-91.718
20824	28735	0	401644711.4	19.909	-92.111	19.142	-88.405
20824	41144	0	401644720.7	19.896	-92.112	19.193	-88.934
20824	61806	-2	401644713.3	19.965	-91.983	22.745	-107.945
20824	76917	-1	401644710.7	19.872	-91.940	21.135	-86.826
20824	79717	-2	401644710.7	19.878	-91.915	27.745	-55.032
20825	80010	-2	401644710.7	19.927	-91.948	25.692	-65.020
20825	82340	-2	401644710.7	19.920	-91.957	11.740	-129.336
20826	11188	-2	401644710.7	19.958	-92.040	23.045	-77.988
20826	17258	0	401644686.2	19.974	-92.094	12.285	-126.140
20826	35435	0	401644709.3	19.952	-92.098	18.170	-83.557
20826	68081	-9	401644710.7	19.888	-92.077	25.452	-70.972
20826	82834	-2	401644710.7	19.909	-92.079	22.740	-79.815
20827	16516	1	401644710.7	19.855	-92.160	13.614	-119.774
20827	32374	-1	401644739.2	19.830	-92.044	26.667	-122.614
20827	55620	-1	401644701.9	19.847	-92.124	15.848	-74.691
20827	73122	0	401644733.3	19.844	-92.204	15.191	-113.198
20827	74851	-1	401644715.7	19.848	-92.219	24.879	-69.491
20828	40960	-2	401644733.3	19.870	-92.843	17.932	-87.813
20828	56115	-1	401644706.2	19.947	-92.211	13.592	-63.741
20828	72890	-9	401644733.3	20.131	-92.518	15.118	-109.030
20828	73973	-2	401644733.3	19.991	-92.399	26.371	-63.537
20829	79709	-2	401644733.3	20.095	-92.465	26.046	-64.870
20829	79709	-2	401644733.3	20.102	-92.451	16.778	-106.424
20830	8720	-2	401644733.3	20.101	-92.324	30.765	-40.635
20830	31086	0	401644712.8	20.178	-92.329	23.165	-106.728
20830	71480	-2	401644733.3	20.253	-92.724	18.868	-98.402
20830	82961	-2	401644733.3	20.219	-92.417	22.472	-81.667
20831	19443	-2	401644733.3	20.317	-92.563	12.817	-126.014
20831	30335	0	401644714.8	20.360	-92.514	22.389	-101.833
20832	1097	-2	401644733.3	20.486	-92.496	14.950	-118.323
20832	77595	-9	401644733.3	20.782	-91.816	21.138	-90.310
20833	57021	0	401644745.8	20.779	-92.493	18.957	-84.470
20833	57076	1	401644730.5	20.761	-92.437	18.959	-84.469
20833	75455	-1	401644772.4	20.674	-92.334	11.790	-132.218
20833	77132	-9	401644733.3	21.401	-91.955	23.557	-85.947
20834	59844	0	401644717.2	20.880	-92.475	20.944	-92.767
20834	68732	1	401644722.2	20.897	-92.510	23.882	-78.727
20835	61400	-2	401644730.5	20.994	-92.344	27.159	-119.594
20836	1187	-1	401644733.9	21.130	-92.279	14.883	-121.321
20836	15641	2	401644717.9	21.150	-92.364	16.706	-112.054
20836	67623	3	401644712.4	21.265	-92.331	26.304	-69.306
20837	106	1	401644711.6	21.327	-92.386	17.538	-109.660
20837	32613	1	401644735.8	21.347	-92.510	27.265	-120.088
20838	72785	-9	401644712.4	21.352	-92.613	16.287	-108.449
20839	77308	-1	401644799.5	21.263	-92.477	32.059	-42.676
20840	80758	-1	401644711.4	21.406	-92.602	27.583	-64.025
20840	81384	-1	401644694.4	21.263	-92.260	23.894	-79.207
20840	83964	0	401644704.3	21.440	-92.618	10.308	-140.890
20841	17075	-9	401644704.3	22.642	-91.348	17.020	-110.957
20841	24157	-2	401644704.3	21.391	-92.673	12.430	-51.964
20841	36694	0	401644713.5	21.392	-92.611	21.782	-94.357
20841	85863	-2	401644704.3	21.371	-92.580	16.382	-114.510
20842	16366	-9	401644704.3	21.309	-91.944	18.300	-101.738
20842	36298	-9	401644704.3	21.571	-92.819	20.556	-88.380
20842	38288	-1	401644783.3	21.260	-92.917	15.289	-66.020
20842	54978	-2	401644704.3	21.304	-92.333	12.741	-52.280
20842	60595	-2	401644704.3	21.456	-92.521	23.325	-99.076
20842	69963	-1	401644711.9	21.326	-92.343	22.370	-88.337
20843	3414	-1	401644713.9	21.230	-92.325	11.260	-137.489
20843	20653	1	401644715.9	21.147	-92.303	11.134	-137.626
20843	36815	-2	401644715.9	21.109	-92.209	11.929	-53.324
20843	59520	-1	401644715.7	20.984	-92.302	20.299	-89.258
20843	75496	-2	401644717.1	20.920	-92.336	12.242	-131.685
20843	75678	1	401644717.2	20.926	-92.344	24.660	-75.757
20844	40427	0	401644714.7	20.840	-92.582	28.464	-126.007
20844	40443	-2	401644717.2	21.093	-92.283	16.475	-76.878
20844	57959	1	401644722.0	20.865	-92.575	17.668	-78.151
20845	11828	-1	401644777.3	20.884	-92.725	26.342	-66.803
20845	27807	-2	401644722.0	21.042	-92.616	18.365	-80.516
20845	44957	-2	401644722.0	21.288	-92.711	27.004	-112.070
20846	10856	-2	401644722.0	21.367	-92.729	29.667	-57.537
20846	16461	-2	401644722.0	21.404	-92.713	18.958	-104.082
20846	33121	0	401644710.5	21.452	-92.646	28.107	-123.745
20846	33160	-2	401644722.0	21.476	-92.711	15.454	-65.889
20846	53163	-1	401644729.9	21.563	-92.703	12.065	-50.532
20847	15102	-1	401644732.1	21.802	-92.378	21.566	-93.482
20847	15123	-2	401644722.0	21.786	-92.467	21.584	-93.409
20847	32469	-2	401644722.0	21.845	-92.626	27.409	-118.578
20847	38593	-2	401644722.0	21.879	-92.607	25.352	-108.332
20848	18252	-1	401644757.3	22.053	-92.328	12.740	-133.759
20848	19715	-2	401644722.0	22.079	-92.468	13.943	-130.577
20848	37794	-1	401644716.0	22.090	-92.397	24.407	-102.798
20848	41125	1	401644728.1	22.113	-92.396	19.385	-79.550
20848	57180	-9	401644728.1	22.159	-92.315	20.040	-85.564
20848	72202	2	401644724.8	22.139	-92.379	18.916	-107.015
20848	72280	1	401644728.4	22.124	-92.387	31.837	-48.038
20849	25164	-2	401644724.8	22.234	-92.374	15.254	-60.444
20849	39517	-1	401644724.0	22.267	-92.322	16.972	-68.213
20849	79593	-9	401644724.8	22.294	-92.308	29.392	-58.001
20850	10983	0	401644728.3	22.332	-92.280	29.067	-60.937
20850	83157	-9	401644728.3	22.270	-92.397	12.843	-133.978
20851	29931	-2	401644728.3	22.359	-92.199	23.698	-98.905
20852	34569	-2	401644728.3	21.626	-92.799	16.743	-79.091
20852	69904	1	401644724.8	21.931	-92.581	23.221	-86.941
20853	1390	-1	401644722.7	21.863	-92.534	16.026	-119.104
20853	39850	-1	401644726.3	21.811	-92.749	16.920	-70.397
20853	57778	-2	401644726.3	21.840	-92.831	17.802	-74.044
20853	74589	0	401644759.0	21.797	-93.007	27.445	-67.205
20853	80019	-2	401644726.3	21.828	-92.773	28.683	-59.745
20854	28350	-9	401644726.3	21.779	-93.050	19.611	-83.686
20854	44302	-2	401644726.3	21.811	-93.091	24.789	-106.248
20854	80177	-2	401644726.3	21.806	-93.138	18.110	-109.574
20855	33015	0	401644730.7	21.606	-93.220	14.715	-62.657
20855	33073	-2	401644726.3	21.516	-93.194	29.482	-125.403
20855	67958	-2	401644726.3	21.485	-93.330	26.276	-71.164
20856	38548	0	401644700.8	21.514	-92.801	24.017	-105.231
20856	67484	-2	401644726.3	21.153	-93.496	27.184	-66.396
20857	32284	-1	401644727.7	21.035	-93.638	26.070	-117.033
20857	40474	0	401644730.6	21.030	-93.646	16.453	-72.102
20857	78163	-2	401644726.3	20.853	-93.789	21.336	-91.721
20858	18111	0	401644734.8	20.762	-93.622	16.191	-114.222
20858	71857	-9	401644726.3	20.744	-93.640	18.391	-103.705
20860	48069	-1	401644778.4	20.494	-94.109	28.794	-134.012
20860	65965	-1	401644729.4	20.347	-93.952	30.172	-140.433
20861	13613	3	401644735.9	20.299	-93.914	23.106	-80.756
20861	46676	-1	401644759.0	20.348	-94.061	26.347	-122.676
20861	64629	-2	401644735.9	20.360	-93.942	27.797	-129.459
20862	40303	-1	401644738.7	20.292	-93.804	25.978	-119.545
20862	57269	-1	401644772.6	20.315	-93.715	15.288	-70.535
20862	74498	-1	401644786.6	20.205	-93.711	27.010	-63.004
20862	80253	-2	401644772.6	20.543	-93.393	16.340	-111.548
20863	10899	1	401644738.3	20.274	-93.662	27.590	-58.887
20863	34506	-1	401644661.7	20.087	-93.644	29.276	-136.062
20863	39163	-1	401644730.3	20.237	-93.545	24.990	-114.342
20863	62183	-9	401644661.7	20.531	-92.253	24.118	-108.748
20863	69214	-1	401644711.8	20.020	-93.571	23.295	-78.784
20863	73658	-2	401644661.7	20.210	-93.193	27.986	-57.741
20863	79601	-9	401644661.7	19.342	-94.283	17.000	-104.654
20864	34082	-9	401644661.7	19.906	-93.353	28.066	-132.102
20864	48041	-2	401644661.7	19.721	-93.364	28.882	-136.883
20864	78935	-2	401644661.7	19.141	-94.065	18.012	-99.105
20864	81940	-1	401644725.4	19.599	-92.924	22.344	-80.242
20864	82057	-2	401644661.7	19.283	-91.983	22.290	-77.883
20866	37410	0	401644740.5	19.333	-92.649	20.637	-98.465
20867	56345	1	401644729.1	19.783	-92.290	13.735	-64.745
20867	77435	-9	401644729.0	19.813	-92.552	22.515	-85.184
20868	42595	0	401644738.1	20.045	-92.206	20.140	-92.649
20869	15093	-9	401644729.0	19.727	-92.645	20.586	-90.393
20869	40423	0	401644735.2	20.219	-92.189	17.915	-81.845
20869	81582	-2	401644729.0	20.371	-92.229	13.848	-121.182
20870	13554	0	401644740.6	20.469	-92.194	23.370	-78.767
20870	34113	-2	401644729.0	20.418	-92.261	15.208	-74.724
20870	44742	-1	401644753.6	20.345	-92.241	25.999	-118.161
20870	63868	-9	401644729.0	20.214	-91.807	28.323	-126.067
20870	79650	-1	401644709.2	20.558	-92.253	27.755	-57.719
20870	86073	-2	401644729.0	20.450	-92.186	16.447	-106.543
20871	39766	-1	401644778.8	20.589	-92.373	26.305	-117.953
20871	44246	1	401644743.5	20.532	-92.393	23.428	-106.071
20871	62628	-1	401644777.6	20.548	-92.242	25.846	-116.496
20871	70414	-9	401644743.5	20.542	-92.155	21.166	-90.309
20872	33168	0	401644714.3	20.626	-92.433	14.199	-64.008
20872	42413	-2	401644743.5	20.245	-91.709	21.172	-94.265
20872	69275	-2	401644743.5	20.730	-92.598	22.547	-84.110
20873	54013	-2	401644743.5	20.890	-92.423	10.959	-45.736
20874	27983	0	401644728.8	21.068	-92.529	18.842	-81.863
20874	39716	1	401644733.3	21.010	-92.483	16.390	-71.628
20874	61157	0	401644733.6	21.038	-92.466	26.550	-116.859
20874	84324	0	401644764.3	20.991	-92.529	9.647	-141.107
20875	38166	-1	401644857.0	21.008	-93.352	13.611	-59.857
20875	43060	-2	401644743.5	21.155	-92.525	32.013	-143.294
20875	67287	-2	401644743.5	21.082	-92.487	26.136	-69.434
20876	11179	-1	401644737.5	21.163	-92.472	28.065	-60.704
20876	42156	-9	401644743.5	21.377	-92.080	30.941	-137.158
20876	56095	-1	401644660.7	21.329	-92.907	14.196	-59.983
20876	73449	-2	401644743.5	21.602	-92.830	15.105	-113.909
20878	57926	-2	401644743.5	21.695	-93.261	20.487	-89.698
20878	57962	-9	401644743.5	21.708	-93.233	20.642	-89.799
20878	71912	-2	401644743.5	21.617	-92.385	19.154	-103.420
20879	12773	0	401644729.6	21.761	-92.300	25.194	-76.006
20879	12833	-2	401644743.5	21.740	-92.335	25.197	-76.013
20879	24699	-1	401644710.2	21.765	-92.325	14.009	-57.196
20879	33790	-2	401644743.5	21.743	-92.472	15.427	-71.004
20879	43451	0	401644728.9	21.802	-92.290	24.850	-106.176
20879	57785	-2	401644743.5	21.928	-92.268	18.297	-75.262
20879	77988	-1	401644608.4	22.173	-92.640	31.910	-47.528
20880	29949	0	401644731.3	21.956	-92.600	23.422	-99.960
20880	43191	-1	401644728.0	21.949	-92.627	23.237	-98.581
20880	56533	-2	401644731.3	21.989	-92.528	18.698	-78.296
20880	70576	-2	401644731.3	21.922	-92.858	21.869	-93.101
20880	80101	1	401644728.3	21.984	-92.707	18.609	-107.437
20880	83612	-1	401644732.8	21.975	-92.728	23.018	-87.890
20881	10674	0	401644736.5	21.980	-92.757	26.695	-71.073
20881	29336	-2	401644728.3	22.007	-92.808	22.518	-95.145
20882	20937	-2	401644728.3	21.962	-92.927	11.907	-139.226
20882	38076	0	401644743.4	21.971	-93.051	24.108	-102.593
20882	60809	-9	401644743.4	21.674	-92.785	27.425	-112.056
20882	80826	0	401644750.9	22.043	-93.092	28.173	-64.715
20883	19177	0	401644765.8	22.040	-93.085	14.632	-127.404
20883	37716	-9	401644743.4	22.067	-93.181	22.866	-96.717
20883	37809	-2	401644743.4	22.074	-93.200	14.356	-57.559
20883	45340	-2	401644743.4	22.054	-93.200	25.926	-111.676
20883	59991	-2	401644743.4	22.148	-93.182	26.284	-105.615
20883	64082	1	401644758.6	22.079	-93.127	29.188	-126.275
20883	74862	1	401644737.1	22.062	-93.126	14.505	-126.399
20883	78340	-9	401644737.1	22.053	-93.411	22.950	-91.158
20884	11698	-2	401644737.1	21.984	-93.015	27.177	-68.307
20884	14128	-2	401644737.1	21.918	-93.267	20.359	-100.046
20884	27712	0	401644744.4	22.017	-93.150	19.140	-79.953
20884	67700	-2	401644737.1	21.790	-92.865	26.236	-73.230
20885	35842	1	401644750.3	21.920	-93.112	20.216	-85.660
20885	82830	-9	401644760.9	21.948	-92.439	13.508	-127.841
20886	1960	0	401644760.9	21.883	-93.063	14.615	-126.660
20886	12933	-2	401644760.9	21.874	-93.036	23.063	-87.665
20886	85590	-1	401644733.7	21.702	-92.881	18.423	-107.643
20887	40852	0	401644734.0	21.574	-92.750	28.159	-122.845
20887	75242	-1	401644722.9	21.584	-92.672	27.291	-67.583
20887	81277	0	401644735.8	21.601	-92.612	16.234	-115.802
20888	30770	-9	401644760.9	21.454	-92.240	25.953	-108.231
20888	62287	0	401644753.2	21.671	-92.304	29.151	-125.422
20888	80288	-2	401644760.9	21.700	-92.212	17.551	-110.706
20889	11094	-1	401644730.0	21.650	-92.343	28.198	-61.500
20889	65289	-2	401644730.0	21.627	-92.223	31.190	-50.290
20889	71195	-2	401644730.0	21.556	-92.324	20.334	-97.500
20889	79999	-2	401644730.0	21.559	-92.253	17.913	-105.629
20890	64592	0	401644755.8	21.740	-91.970	32.365	-44.115
20891	85572	-2	401644730.0	22.124	-91.830	18.826	-107.441
20892	18817	-2	401644730.0	22.118	-91.900	15.051	-124.962
20893	77045	-2	401644730.0	22.197	-91.656	24.099	-83.264
20894	79736	-1	401644778.1	22.395	-91.696	28.852	-62.087
20895	1080	0	401644720.5	22.482	-91.846	16.151	-121.354
20895	14984	-9	401644720.5	22.571	-91.211	22.072	-93.138
20895	34895	-2	401644720.5	22.415	-91.829	19.456	-77.648
20895	45550	0	401644735.4	22.505	-91.889	28.566	-120.330
20895	67191	-2	401644720.5	22.542	-91.822	27.543	-68.472
20895	73185	-2	401644720.5	22.486	-92.087	17.131	-116.509
20895	79825	-2	401644720.5	22.546	-91.649	28.680	-62.104
20896	11288	0	401644729.3	22.634	-91.919	26.537	-74.510
20896	19204	-2	401644720.5	22.646	-91.959	14.750	-128.853
20896	67081	-2	401644720.5	22.550	-92.108	29.765	-65.099
20897	36973	-1	401644738.0	22.676	-92.113	13.203	-48.523
20897	55216	0	401644778.4	22.724	-92.348	17.335	-68.602
20897	73924	-2	401644738.0	22.761	-92.106	29.663	-60.354
20898	2624	-1	401644681.0	22.872	-92.434	13.730	-134.872
20898	38731	0	401644743.4	22.940	-92.108	26.732	-108.852
20898	54442	-2	401644738.0	23.000	-92.124	15.565	-61.210
20898	71783	-2	401644738.0	23.078	-92.066	20.170	-102.622
20899	24041	-9	401644738.0	23.019	-91.871	14.511	-53.852
20899	78749	1	401644748.8	23.134	-91.916	21.883	-97.524
20899	83962	-2	401644741.3	22.851	-92.221	21.553	-98.473
20900	48445	0	401644764.2	23.364	-91.836	34.394	-143.892
20900	64158	0	401644756.7	23.401	-91.681	33.365	-44.160
20900	79221	-2	401644764.2	23.606	-91.658	31.737	-54.582
20900	84070	0	401644831.1	23.297	-91.782	12.285	-140.332
20901	12435	-1	401644742.8	23.559	-91.780	27.258	-74.406
20901	29016	-2	401644742.8	23.600	-91.752	23.839	-92.869
20901	46985	-2	401644742.8	23.626	-91.792	32.000	-131.940
20901	83485	-1	401644784.3	23.573	-91.810	13.721	-134.711
20901	83487	0	401644760.6	23.642	-91.734	23.991	-90.068
20902	36232	-2	401644784.3	23.730	-90.187	23.080	-87.317
20902	68915	0	401644769.8	23.702	-91.838	25.686	-82.599
20903	1617	0	401644762.3	23.714	-91.791	16.266	-126.722
20903	17847	-2	401644784.3	23.685	-91.831	15.750	-127.855
20903	38048	-2	401644784.3	23.915	-91.846	17.101	-59.998
20904	40748	1	401644739.0	23.781	-92.030	30.627	-122.221
20904	75634	-2	401644739.0	23.902	-92.145	29.913	-71.201
20904	78977	-1	401644741.9	23.713	-91.885	31.072	-55.986
20905	26391	0	401644743.3	23.736	-92.200	19.320	-72.833
20905	61411	-2	401644743.3	23.646	-92.258	28.371	-114.063
20905	80923	0	401644750.8	23.751	-92.378	19.575	-111.193
20905	80982	-2	401644743.3	23.339	-91.921	26.824	-75.651
20906	31758	-2	401644743.3	23.512	-92.260	28.743	-115.247
20906	47977	-2	401644743.3	23.506	-92.350	32.722	-137.078
20906	66269	-2	401644743.3	23.318	-91.950	29.569	-62.584
20907	14772	-2	401644743.3	23.368	-92.348	21.170	-102.118
20907	15927	-2	401644743.3	23.502	-92.169	21.095	-103.734
20907	32444	-2	401644743.3	23.322	-92.277	15.390	-57.077
20907	72050	1	401644791.6	23.287	-92.261	20.318	-105.602
20908	222	-9	401644791.6	23.310	-91.926	17.811	-117.172
20908	36606	-2	401644737.0	23.303	-92.094	13.922	-48.552
20908	37770	2	401644737.0	23.302	-92.083	25.137	-100.121
20908	39014	-2	401644791.6	23.178	-92.580	16.672	-65.721
20909	23925	-1	401644649.8	23.143	-91.797	14.454	-53.615
20909	58404	-1	401644721.2	23.427	-92.130	20.713	-79.178
20910	12408	-9	401644737.0	22.947	-92.283	29.054	-72.570
20910	82627	2	401644736.7	23.656	-91.770	25.414	-83.394
20911	10908	1	401644723.6	23.709	-91.805	30.680	-59.543
20911	69833	-9	401644736.7	23.554	-92.451	25.343	-87.268
20912	1036	0	401644753.5	23.995	-91.960	17.889	-119.736
20912	15238	-1	401644735.3	24.026	-91.931	23.001	-96.783
20912	41061	-1	401644700.2	24.084	-92.007	31.454	-125.284
20912	76065	-9	401644700.2	23.686	-92.341	29.286	-73.847
20913	40257	1	401644734.2	24.271	-91.972	30.519	-119.678
20913	74959	-1	401644715.2	24.330	-91.953	29.769	-66.995
20914	39954	0	401644728.4	24.398	-92.186	29.025	-113.565
20914	60419	-1	401644729.7	24.476	-92.245	27.356	-105.561
20914	80482	-1	401644739.1	24.554	-92.289	20.680	-109.223
20915	47374	-1	401644706.1	24.695	-92.229	32.453	-130.397
20915	61788	-1	401644731.9	24.850	-92.363	28.210	-108.115
20915	79264	-9	401644743.2	24.921	-92.262	22.273	-103.872
20915	81609	2	401644743.2	24.977	-92.319	28.754	-74.507
20916	15425	-9	401644743.2	25.414	-92.051	23.476	-101.298
20916	48741	-1	401644743.9	25.304	-92.345	36.089	-144.287
20916	86145	-1	401644766.0	25.573	-92.233	21.474	-111.451
20917	18953	-1	401644834.4	25.511	-92.056	15.486	-137.076
20917	41208	-2	401644766.0	25.912	-92.187	24.233	-84.303
20917	58008	-2	401644766.0	25.947	-91.898	24.719	-86.272
20917	77916	-2	401644766.0	26.550	-90.837	25.714	-94.822
20918	18834	0	401644731.4	26.188	-91.833	18.595	-127.683
20920	61003	-1	401644741.0	26.019	-91.302	28.086	-101.270
20922	34218	-2	401644766.0	25.971	-90.929	21.052	-68.645
20922	34255	-1	401644745.2	26.000	-91.111	34.721	-133.292
20923	18420	-2	401644766.0	26.043	-91.022	18.229	-122.237
20924	40020	-9	401644766.0	25.652	-90.493	21.042	-75.760
20925	26016	0	401644747.4	25.542	-90.022	21.401	-71.414
20925	44674	-2	401644766.0	25.401	-89.846	30.831	-112.916
20926	66090	-2	401644766.0	24.990	-89.939	30.700	-62.811
20928	55063	0	401644827.0	24.600	-90.317	19.749	-68.170
20929	76551	-2	401644766.0	24.826	-89.338	12.866	-145.325
20932	68227	-2	401644766.0	24.590	-87.000	25.246	-83.858
20933	552	-2	401644766.0	24.850	-87.831	17.068	-124.325
20939	23248	-2	401644766.0	25.053	-86.446	16.865	-52.550
20939	39973	-2	401644766.0	25.074	-85.826	33.137	-120.793
20939	58566	0	401644726.7	25.151	-86.025	25.663	-88.419
20939	58599	-2	401644766.0	24.617	-85.390	28.186	-98.255
20941	10894	-1	401644810.4	25.543	-86.213	28.715	-70.384
20943	21	0	401644735.8	26.170	-85.111	17.932	-123.123


