57128							
tu22_074_05							
20294	8615	3	401600000	5.745	-53.945	2.693	-67.445
20296	51290	3	401600000	5.931	-53.697	7.166	-59.193
20296	70683	-2	401600000	6.055	-53.643	10.98	-33.575
20297	19777	-1	401600000	6.098	-53.378	5.506	-51.147
20299	7560	-2	401600000	7.03	-52.953	4.855	-61.633
20300	30808	-1	401600000	7.621	-52.863	0.436	-20.793
20301	17000	-1	401600000	7.891	-52.859	3.191	-31.861
20301	35536	-9	401600000	8.099	-52.974	9.293	-57.549
20301	69549	-2	401600000	8.127	-52.903	14.473	-24.179
20302	1080	-9	401600000	8.438	-52.547	7.528	-56.198
20302	3550	0	401600000	8.264	-52.843	13.443	-29.634
20302	20120	-1	401600000	8.297	-52.827	2.825	-29.407
20302	55099	-1	401600000	8.449	-52.668	16.558	-89.184
20302	56974	-1	401600000	8.434	-52.884	18.86	-7.082
20302	74056	1	401600000	8.538	-52.69	6.707	-60.83
20303	21851	-1	401600000	8.76	-52.835	12.652	-70.199
20303	78399	-2	401600000	8.865	-52.418	6.502	-61.101
20304	45325	1	401600000	9.19	-52.145	10.426	-57.436
20304	61316	-9	401600000	9.196	-50.971	10.129	-47.599
20305	66974	-1	401600000	9.985	-51.656	0.88	-91.304
20305	84378	-1	401600000	10.073	-51.368	14.109	-33.483
20306	69412	-1	401600000	10.509	-51.497	2.36	-86.413
20307	3010	-1	401600000	10.528	-51.15	16.38	-25.142
20307	19447	0	401600000	10.708	-51.549	10.539	-50.801
20307	54182	-1	401600000	10.686	-50.746	17.808	-83.023
20307	72177	-2	401600000	10.816	-51.016	18.462	-16.758
20308	21940	-1	401600000	10.845	-50.471	9.626	-45.22
20308	42432	0	401600000	10.885	-50.208	6.992	-33.326
20308	59601	-2	401600000	11.125	-50.043	16.263	-31.268
20308	76972	-1	401600000	11.062	-50.172	10.042	-54.808
20309	61256	0	401600000	11.43	-49.859	17.48	-23.239
20310	46824	0	401600000	11.611	-49.636	16.14	-69.438
20311	33010	-1	401600000	11.8	-49.325	17.376	-74.354
20311	33050	1	401600000	11.82	-49.33	10.077	-41.387
20311	73003	-2	401600000	11.943	-49.066	17.915	-22.622
20313	21715	-1	401600000	12.401	-48.922	17.581	-71.962
20314	28815	0	401600000	12.815	-48.757	3.552	-7.21
20314	28835	-9	401600000	12.627	-48.6	10.412	-39.422
20314	43331	0	401600000	12.766	-48.728	11.877	-44.895
20314	61477	0	401600000	12.715	-49.161	12.331	-50.883
20314	83447	-1	401600000	13.116	-49.312	17.464	-29.111
20315	48607	-2	401600000	12.974	-48.398	21.692	-86.268
20315	48744	1	401600000	12.988	-48.584	21.809	-86.713
20315	48825	0	401600000	13.027	-48.439	11.429	-42.956
20316	16365	0	401600000	13.163	-48.49	2.108	-1.177
20317	21885	-2	401600000	13.524	-48.348	12.516	-43.926
20318	59227	1	401600000	13.976	-48.195	17.368	-33
20319	79516	-1	401600000	14.442	-48.185	7.943	-77.206
20320	48158	1	401600000	14.629	-48.218	12.048	-36.65
20321	36718	-1	401600000	14.837	-47.984	19.954	-71.813
20321	69987	-1	401600000	14.939	-47.926	17.819	-34.803
20322	6090	-9	401600000	15.262	-47.652	12.956	-57.592
20322	24479	-2	401600000	15.061	-47.898	18.694	-64.012
20322	74952	-2	401600000	15.409	-48.807	16.685	-42.953
20323	21684	-1	401600000	15.39	-47.637	20.756	-71.417
20323	23685	-1	401600000	15.385	-47.58	17.867	-58.499
20323	42834	-2	401600000	15.497	-47.617	12.966	-36.69
20324	61577	-2	401600000	15.854	-47.384	14.463	-53.656
20324	63189	-2	401600000	15.888	-47.325	17.488	-40.25
20325	30850	-2	401600000	16.13	-47.289	11.543	-26.211
20325	46937	1	401600000	16.165	-47.191	22.022	-72.42
20325	47031	1	401600000	16.172	-47.173	12.369	-30.199
20326	956	-2	401600000	16.244	-47.094	23.191	-14.745
20326	19827	-9	401600000	16.417	-47.152	18.61	-56.351
20326	21689	-9	401600000	16.269	-46.784	15.206	-42.069
20326	34748	-2	401600000	16.49	-46.952	25.331	-88.63
20326	51646	-1	401600000	16.502	-46.964	21.025	-67.307
20327	19801	-2	401600000	16.71	-47.401	17.703	-51.448
20328	4224	-2	401600000	17.161	-46.572	18.241	-41.651
20328	26116	-1	401600000	17.244	-46.53	24.504	-78.946
20328	49264	0	401600000	17.291	-46.164	17.145	-45.492
20328	59345	-2	401600000	17.377	-46.422	19.726	-35.847
20328	78593	-2	401600000	17.486	-46.358	11.626	-74.041
20330	65412	-2	401600000	18.101	-45.6	14.644	-58.213
20331	18310	-2	401600000	18.369	-45.616	11.136	-14.672
20333	21752	-2	401600000	19.18	-45.298	24.805	-71.331
20333	40794	-1	401600000	19.246	-45.264	14.021	-22.752
20334	7896	-1	401600000	19.409	-45.152	13.067	-74.104
20334	30216	-1	401600000	19.545	-45.124	14.225	-20.441
20334	61692	-1	401600000	19.679	-44.982	16.815	-57.444
20334	62289	2	401600000	19.682	-44.988	21.561	-36.635
20336	71737	-1	401600000	20.588	-44.757	18.538	-54.866
20337	4043	1	401600000	20.677	-44.814	21.041	-43.103
20337	19081	0	401600000	20.789	-44.735	22.365	-50.975
20337	60469	-2	401600000	21.005	-44.618	26.182	-21.133
20338	8748	-1	401600000	21.11	-44.672	13.375	-78.969
20338	25471	-2	401600000	21.259	-44.597	27.12	-71.203
20338	59262	-2	401600000	21.349	-44.578	22.007	-39.336
20338	59581	-1	401600000	21.388	-44.505	27.727	-15.535
20338	83317	-2	401600000	21.442	-44.5	24.184	-32.005
20339	7367	-1	401600000	21.451	-44.174	16.032	-68.622
20339	29170	-1	401600000	21.515	-44.362	14.393	-11.174
20339	67663	1	401600000	21.655	-44.305	26.94	-19.953
20339	82885	0	401600000	21.71	-44.283	25.881	-25.865
20340	17117	-2	401600000	21.89	-43.966	19.322	-36.333
20340	66119	-2	401600000	22.043	-44.269	29.556	-8.338
20341	17140	-1	401600000	22.12	-44.211	13.563	-6.08
20341	17140	-1	401600000	22.056	-44.173	19.481	-31.789
20341	71921	-1	401600000	22.312	-44.202	25.688	-26.869
20342	2984	1	401600000	22.312	-44.193	23.981	-36.399
20342	22957	-1	401600000	22.182	-44.172	11.203	5.108
20343	27818	-2	401600000	23.686	-45.045	20.319	-29.511
20344	25884	-2	401600000	22.789	-43.385	17.441	-19.304
20344	27721	-2	401600000	22.696	-43.685	14.004	-2.557
20344	66207	-1	401600000	22.898	-43.593	29.966	-9.918
20344	67590	-1	401600000	22.97	-43.495	14.681	-80.205
20345	32031	-9	401600000	22.893	-44.219	20.984	-38.038
20345	70744	-1	401600000	23.174	-43.122	22.435	-46.549
20345	72822	-2	401600000	23.202	-43.055	26.237	-31.482
20346	36905	-2	401600000	23.34	-42.988	30.222	-76.4
20346	54495	-1	401600000	23.293	-43.022	32.038	-2.541
20346	60341	-1	401600000	23.38	-42.938	21.654	-50.94
20346	60341	-1	401600000	23.346	-43.008	28.234	-21.242
20346	69177	-2	401600000	23.296	-43.053	25.021	-34.972
20346	76817	-2	401600000	23.45	-42.928	18.184	-67.258
20347	1993	-2	401600000	23.488	-42.817	25.861	-31.366
20347	25071	-1	401600000	23.571	-42.727	29.391	-69.748
20347	65699	-2	401600000	23.745	-42.622	18.535	-64.998
20348	23973	-2	401600000	23.873	-42.529	28.905	-63.209
20348	25906	-2	401600000	26.351	-38.225	22.966	-22.873
20348	81722	-1	401600000	24.086	-42.311	28.699	-21.044
20349	43983	-2	401600000	24.214	-42.286	16.374	-6.481
20349	64349	-2	401600000	24.261	-41.991	21.054	-54.743
20350	16800	-1	401600000	24.372	-41.933	16.028	-4.972
20350	22558	-2	401600000	24.542	-41.981	27.333	-52.141
20351	56575	-2	401600000	24.656	-41.5	34.395	4.592
20351	67868	-1	401600000	24.746	-41.392	28.033	-25.798
20351	76023	-1	401600000	24.795	-41.375	20.72	-60.597
20352	26390	-2	401600000	25.092	-41.602	20.763	-21.201
20353	43348	-2	401600000	25.261	-40.931	25.876	-43.726
20353	62430	-2	401600000	25.394	-40.592	19.028	-68.904
20353	71110	-2	401600000	25.551	-40.34	23.076	-51.994
20354	60575	-2	401600000	25.717	-40.181	28.182	-28.767
20354	71733	-2	401600000	25.753	-40.35	28.338	-27.896
20355	29805	-1	401600000	25.841	-40.168	22.329	-23.711
20355	36123	-2	401600000	25.81	-40.043	32.236	-71.547
20355	68016	-2	401600000	26.016	-40.069	28.517	-28.227
20356	60036	-2	401600000	25.9	-40.264	22.784	-54.391
20356	72629	-2	401600000	26.43	-39.496	21.027	-65.529
20356	74886	-2	401600000	26.326	-39.685	23.316	-54.044
20357	24648	-2	401600000	26.37	-39.484	20.307	-11.178
20357	58447	-1	401600000	26.616	-39.216	32.134	-13.235
20357	73590	-2	401600000	26.694	-39.02	25.745	-43.523
20360	22274	-2	401600000	27.849	-37.061	30.215	-47.956
20360	26250	-2	401600000	27.278	-38.407	24.274	-24.255
20360	34837	-2	401600000	27.304	-38.385	32.431	-63.488
20361	16438	-2	401600000	27.355	-36.767	26.955	-35.13
20362	16071	-2	401600000	27.806	-38.027	25.968	-29.386
20363	30411	-2	401600000	20.724	-65.236	7.226	-6.325
20363	60183	-9	401600000	27.989	-36.489	29.002	-31.389
20363	62507	-2	401600000	28.087	-37.294	19.548	-73.48
20363	82518	-2	401600000	27.793	-38.201	29.777	-30.181
20364	8737	-2	401600000	28.312	-37.708	17.177	-91.236
20364	26258	-1	401600000	28.246	-37.386	25.648	-25.337
20364	41093	-2	401600000	28.459	-37.43	25.784	-24.586
20364	61482	0	401600000	28.345	-37.287	21.889	-67.684
20364	69647	1	401600000	28.309	-37.243	33.068	-14.402
20364	72889	-2	401600000	28.274	-37.227	21.133	-69.666
20364	81513	-1	401600000	28.363	-37.199	31.083	-24.499
20365	1185	-2	401600000	28.63	-37.164	29.336	-33.373
20365	52147	0	401600000	28.424	-36.846	35.905	-73.963
20366	17727	2	401600000	28.552	-36.708	23.78	-14.693
20366	51019	-2	401600000	28.707	-36.354	34.017	-62.948
20367	31005	-1	401600000	28.858	-36.453	28.153	-33.011
20368	3563	0	401600000	29.019	-36.325	26.355	-48.845
20368	12215	-2	401600000	29.039	-36.248	21.504	-0.965
20368	22157	-1	401600000	29.058	-36.183	32.513	-51.984
20368	62810	-2	401600000	29.429	-35.778	25.818	-53.044
20370	42225	-2	401600000	29.569	-35.709	29.754	-36.565
20370	61430	-9	401600000	30.146	-34.724	28.429	-43.273
20370	63680	-1	401600000	29.609	-35.624	36.714	-0.279
20370	82814	-9	401600000	29.781	-34.976	29.106	-38.196
20371	36997	-1	401600000	29.702	-35.315	39.729	-84.148
20372	19513	2	401600000	29.91	-35.1	28.825	-30.077
20372	32671	-2	401600000	30.016	-35.128	38.033	-75.178
20372	48099	-9	401600000	29.285	-34.554	32.61	-44.955
20372	76293	1	401600000	29.937	-34.843	22.328	-70.331
20373	24984	-2	401600000	29.951	-34.639	37.91	-72.922
20373	28631	-1	401600000	29.563	-34.106	25.637	-14.115
20373	47401	-9	401600000	30.33	-32.383	31.14	-36.734
20374	7135	0	401600000	30.214	-34.479	20.289	-81.356
20374	44924	-2	401600000	30.27	-34.338	36.017	-59.795
20375	17487	3	401600000	30.408	-34.058	26.099	-14.003
20375	19939	-1	401600000	30.381	-33.91	37.046	-65.308
20376	70511	1	401600000	30.876	-33.908	32.415	-26.336
20377	22120	-2	401600000	30.805	-33.855	34.243	-50.571
20377	28472	-2	401600000	30.991	-33.885	27.277	-16.355
20377	56566	-2	401600000	31.17	-33.942	36.921	-5.581
20377	77409	-1	401600000	31.221	-33.708	38.904	3.687
20378	41706	-2	401600000	31.115	-33.476	31.536	-34.723
20378	45877	-2	401600000	31.345	-33.13	29.731	-27.954
20379	31959	-1	401600000	31.488	-33.664	33.065	-41.693
20380	16842	-2	401600000	31.751	-33.513	33.229	-39.828
20380	32394	-2	401600000	31.702	-33.277	40.558	-76.73
20381	75238	-2	401600000	32.095	-32.963	25.166	-66.987
20382	73817	-1	401600000	32.304	-32.436	27.522	-56.117
20383	6866	-1	401600000	32.418	-32.255	21.934	-81.449
20383	85467	-2	401600000	32.398	-30.766	33.539	-24.388
20384	14668	-2	401600000	32.79	-31.893	30.716	-21.805
20384	30713	-2	401600000	32.74	-31.242	33.346	-34.314
20384	55773	-2	401600000	32.429	-32.207	34.01	-26.839
20385	3765	-1	401600000	32.937	-31.644	27.069	-60.725
20385	19826	-2	401600000	33.018	-31.568	39.911	-64.931
20385	34997	-1	401600000	33.036	-31.396	41.078	-70.877
20385	63445	-2	401600000	33.156	-31.265	26.967	-60.252
20385	65403	-9	401600000	33.143	-31.021	34.937	-20.944
20385	83552	-2	401600000	33.205	-31.124	29.949	-46.256
20386	56653	-2	401600000	33.55	-30.944	38.372	-7.506
20387	73203	-2	401600000	33.338	-30.257	27.575	-50.944
20388	50506	1	401600000	33.656	-30.465	40.228	-64.097
20388	71308	-1	401600000	33.661	-30.32	32.008	-38.605
20388	77511	-1	401600000	33.525	-30.337	21.802	-86.39
20389	39817	-2	401600000	33.068	-29.395	30.795	-17.821
20389	49303	-2	401600000	33.558	-30.69	37.622	-52.397
20389	70042	-2	401600000	33.634	-29.97	34.108	-27.615
20389	83612	-2	401600000	33.609	-29.907	38.091	-7.562
20390	11084	-1	401600000	33.684	-30.013	26.238	6.039
20390	38934	-2	401600000	33.579	-29.447	29.858	-11.399
20390	79314	-2	401600000	33.806	-30.34	36.39	-16.647
20392	176	-2	401600000	34.434	-27.968	32.982	-36.149
20392	17595	-1	401600000	33.803	-28.971	31.468	-18.086
20392	43340	-2	401600000	33.866	-28.735	37.724	-47.482
20393	23106	-2	401600000	34.055	-28.433	40.628	-60.623
20393	36534	-2	401600000	34.064	-28.322	26.698	6.199
20394	41689	1	401600000	34.285	-27.954	35.9	-35.652
20394	42010	-9	401600000	34.284	-27.974	28.531	0.011
20395	27980	-2	401600000	34.226	-27.579	39.275	-45.165
20395	61029	-2	401600000	34.505	-27.545	24.733	-74.221
20396	15031	0	401600000	34.664	-27.429	28.218	3.272
20396	40289	-9	401600000	34.388	-26.111	34.084	-24.551
20396	67310	-1	401600000	34.737	-27.117	32.475	-38.305
20397	20303	-1	401600000	34.788	-26.947	37.375	-39.524
20397	39195	1	401600000	34.816	-26.864	32.885	-17.936
20398	25337	0	401600000	35.107	-26.683	46.615	-82.315
20398	60225	0	401600000	35.068	-26.837	32.15	-40.884
20399	43891	1	401600000	35.216	-26.643	40.64	-53.304
20400	10802	0	401600000	35.272	-26.653	28.915	4.242
20400	61498	-1	401600000	35.407	-26.613	42.167	7.861
20401	364	-2	401600000	35.372	-25.87	32.486	-36.106
20401	16250	1	401600000	35.539	-26.408	38.078	-39.044
20402	57790	-1	401600000	35.861	-26.029	37.194	-19.742
20403	41480	-2	401600000	36.053	-25.968	29.717	2.621
20403	81600	-2	401600000	36.13	-25.815	33.828	-36.75
20404	46576	-9	401600000	36.32	-26.051	37.71	-34.122
20404	62445	-2	401600000	36.335	-25.772	29.607	-57.344
20405	20856	-1	401600000	36.38	-25.767	39.833	-42.95
20405	24761	-1	401600000	36.368	-25.776	29.469	9.025
20409	58639	-1	401600000	36.837	-24.55	35.572	-30.782
20410	16778	-2	401600000	36.889	-24.318	40.917	-44.501
20410	35598	-2	401600000	36.901	-24.233	47.159	-78.851
20411	10193	-1	401600000	36.888	-24.154	30.377	8.083
20415	63487	-2	401600000	38.044	-23.859	40.789	-10.58
20420	27224	-2	401600000	39.293	-23.036	37.347	-13.114
20422	24061	-2	401600000	39.807	-23.397	37.739	-14.98
20422	26652	-2	401600000	39.831	-23.107	53.264	-92.84
20425	72674	-2	401600000	39.212	-23.861	27.201	-83.792
20428	17767	-1	401600000	38.682	-24.041	44.271	-52.62
20428	58818	-1	401600000	38.569	-24.04	30.636	-63.45
20431	55625	-2	401600000	38.414	-24.004	42.12	-5.818
20431	57064	-2	401600000	38.416	-24.034	33.374	-48.879
20431	63964	-9	401600000	38.293	-24.168	41.164	-14.007
20439	42752	0	401600000	38.159	-24.309	42.537	-45.211
20439	46300	-2	401600000	38.16	-24.309	39.98	-33.902
20439	51840	-2	401600000	38.168	-24.356	40.586	-10.37
20439	51900	-2	401600000	38.196	-24.347	49.349	-81.272
20439	63820	-2	401600000	38.173	-24.309	40.367	-13.286
20440	28699	-1	401600000	38.246	-24.368	38.403	-25.162
20442	30714	-2	401600000	38.403	-24.128	46.562	-66.407
20442	54018	-1	401600000	38.4	-24.131	44.826	7.398
20444	62257	-2	401600000	38.406	-24.086	42.457	-2.844
20450	83817	-1	401600000	37.872	-25.699	40.026	-14.981
20454	30795	-1	401600000	37.546	-26.649	45.56	-66.517
20454	32527	0	401600000	37.573	-26.734	43.466	-56.582
20454	43495	1	401600000	37.528	-26.734	34.447	-11.615
20454	43515	-2	401600000	37.529	-26.728	41.417	-45.847
20454	55195	0	401600000	37.511	-26.771	36.595	-30.962
20454	73783	-2	401600000	37.505	-26.841	29.386	-62.761
20456	18802	-2	401600000	37.248	-27.08	43.613	-59.255
20458	46379	-2	401600000	36.586	-27.306	45.038	-69.322
20461	15722	-1	401600000	35.717	-28.069	37.151	-35.033
20461	17966	-2	401600000	35.719	-28.099	33.484	-17.474
20461	69253	-9	401600000	35.792	-27.098	35.363	-29.812
20462	73853	-2	401600000	35.204	-28.46	28.053	-64.243
20467	17922	-2	401600000	34.293	-28.567	39.808	-53.399
20470	86119	-2	401600000	33.624	-28.231	33.226	-30.185
20475	85500	-2	401600000	32.671	-27.753	33.668	-23.832
20481	15661	-1	401600000	31.118	-27.198	33.256	-37.453
20481	71104	-2	401600000	30.982	-27.142	28.134	-39.54
20486	69709	-2	401600000	29.769	-26.626	29.04	-30.137
20495	46963	-2	401600000	27.156	-25.083	32.503	-45.955
20502	19686	-2	401600000	25.7	-23.909	28.741	-37.88
20652	32827	-1	401600000	10.779	-30.889	19.304	-69.313
20653	25605	-1	401600000	10.763	-30.936	6.072	-9.744
20677	18490	-1	401600000	9.289	-26.602	8.575	-23.688
20704	51805	-1	401600000	7.772	-19.595	10.901	-5.684
