57123							
tu20_355_05							
20669	48108	-1	401600000	-27.126	-42.82	-23.766	-59.703
20669	67055	0	401600000	-27.063	-42.732	-37.481	-92.97
20669	85692	0	401600000	-26.99	-42.609	-21.278	-16.487
20670	69480	-2	401600000	-26.644	-42.471	-30.742	-62.036
20672	4295	-2	401600000	-26.163	-41.866	-24.161	-32.593
20672	22518	1	401600000	-26.136	-41.784	-23.278	-54.872
20672	59369	0	401600000	-25.982	-41.579	-23.83	-31.517
20673	8818	-2	401600000	-25.782	-41.467	-31.631	-70.048
20673	82146	-2	401600000	-25.372	-41.232	-14.385	7.325
20674	13021	1	401600000	-25.237	-41.151	-29.132	-23.451
20674	47420	1	401600000	-25.095	-41.204	-22.644	-52.651
20676	523	2	401600000	-24.477	-40.863	-22.074	-29.975
20676	20248	0	401600000	-24.39	-40.811	-26.523	-33.623
20677	40297	-1	401600000	-24.068	-40.533	-28.761	-19.174
20678	45230	-2	401600000	-23.807	-40.291	-19.177	-61.079
20678	61318	1	401600000	-23.747	-40.291	-26.5	-52.736
20679	66895	-1	401600000	-23.412	-40.154	-35.478	-96.338
20679	83931	-1	401600000	-23.229	-40.432	-15.526	-5.943
20680	51040	-2	401600000	-23.036	-39.949	-13.972	-82.517
20680	68402	0	401600000	-23.039	-40.031	-13.314	5.144
20680	68421	0	401600000	-23.044	-40.037	-27.01	-58.185
20681	20637	-2	401600000	-22.836	-40	-12.924	-86.004
20681	76387	-2	401600000	-22.836	-39.861	-30.288	-74.914
20682	22012	-2	401600000	-22.788	-40.602	-21.036	-46.767
20682	59194	1	401600000	-22.654	-39.871	-21.345	-33.859
20684	12909	-1	401600000	-22.294	-39.837	-26.187	-22.158
20684	29822	2	401600000	-22.292	-39.724	-20.603	-47.302
20684	65526	1	401600000	-22.263	-39.663	-21.482	-36.247
20684	66043	-2	401600000	-22.266	-39.637	-12.034	8.126
20685	18015	-2	401600000	-22.218	-39.666	-16.451	-66
20686	2525	-1	401600000	-22.245	-39.571	-19.34	-26.366
20686	18831	2	401600000	-22.191	-39.574	-25.587	-24.145
20687	6952	-1	401600000	-21.92	-39.715	-27.059	-63.715
20687	41554	1	401600000	-21.692	-39.622	-29.105	-5.168
20688	10373	1	401600000	-21.342	-39.515	-29.589	-2.519
20688	27389	-2	401600000	-21.241	-39.465	-20.662	-42.151
20688	30267	0	401600000	-21.238	-39.476	-19.111	-49.266
20688	61260	0	401600000	-21.095	-39.39	-24.35	-54.07
20689	67605	-2	401600000	-20.73	-39.281	-10.361	9.733
20689	67681	-9	401600000	-20.712	-39.264	-25.895	-55.702
20690	16078	2	401600000	-20.579	-39.296	-28.975	-1.151
20690	68991	-1	401600000	-20.331	-39.283	-15.713	-18.496
20691	21789	-9	401600000	-20.18	-39.171	-18.388	-44.461
20692	6085	0	401600000	-19.929	-39.022	-28.763	-78.254
20692	6085	0	401600000	-19.918	-39.02	-24.005	-58.112
20692	24275	0	401600000	-19.857	-39.024	-27.283	-3.527
20692	40484	1	401600000	-19.81	-39.006	-28.56	2.429
20692	58840	0	401600000	-19.799	-39.026	-18.958	-35.262
20692	75528	-2	401600000	-19.711	-39.096	-22.651	-52.693
20693	26347	-2	401600000	-19.762	-39.101	-9.809	-81.374
20693	29200	-9	401600000	-19.71	-39.111	-19.215	-40.765
20693	45214	0	401600000	-19.741	-39.064	-20.753	-34.426
20693	64217	-1	401600000	-19.776	-39.092	-28.678	-78.771
20694	30242	-9	401600000	-21.825	-30.111	-12.016	-75.051
20694	49993	0	401600000	-19.825	-39.225	-12.661	-71.092
20694	64759	-2	401600000	-19.847	-39.244	-17.7	-29.694
20695	70891	2	401600000	-19.691	-39.229	-15.098	-18.374
20696	21733	0	401600000	-19.62	-39.149	-29.49	5.421
20696	56716	0	401600000	-19.531	-39.03	-14.337	-15.556
20697	39755	0	401600000	-19.578	-38.826	-29.988	9.487
20698	44064	-2	401600000	-19.813	-38.846	-22.227	-27.555
20698	61375	-2	401600000	-19.815	-38.919	-22.787	-53.93
20698	61831	1	401600000	-19.839	-38.912	-12.658	-7.413
20699	47017	0	401600000	-19.987	-39.133	-12.205	-73.451
20699	67305	0	401600000	-20.033	-39.205	-22.366	-49.709
20700	974	-2	401600000	-20.129	-39.224	-13.308	-16.044
20700	70022	-1	401600000	-20.234	-39.531	-13.577	-8.761
20701	20110	-2	401600000	-20.4	-39.68	-10.909	-82.925
20701	74485	-1	401600000	-20.564	-39.794	-21.7	-45.153
20702	10544	0	401600000	-20.57	-39.827	-31.282	-90.341
20703	29087	2	401600000	-20.61	-39.861	-17.251	-55.274
20703	64638	-1	401600000	-20.308	-39.589	-17.505	-26.215
20704	12601	-1	401600000	-20.451	-39.654	-24.855	-19.867
20705	68840	-2	401600000	-20.51	-38.985	-12.247	-0.48
20705	68900	2	401600000	-20.481	-39.349	-25.995	-63.726
20706	22815	-2	401600000	-20.943	-38.564	-16.932	-56.369
20708	27895	-2	401600000	-20.64	-39.662	-19.581	-44.283
20708	61341	3	401600000	-20.779	-38.757	-23.853	-52.861
20709	15404	1	401600000	-20.849	-38.64	-19.426	-44.96
20709	66413	0	401646027.2	-20.902	-38.288	-21.655	-41.796
20709	84776	-1	401646044.2	-20.921	-38.387	-15.407	-13.848
20710	14261	-2	401646034.3	-20.933	-38.425	-32.184	14.306
20710	69236	-9	401646034.3	-20.980	-38.159	-15.601	-20.402
20712	58610	-1	401646035.4	-20.932	-37.616	-20.152	-34.253
20712	76645	1	401646038.3	-20.919	-37.537	-26.891	-65.664
20713	26002	-9	401646038.3	-20.830	-37.647	-21.508	-34.651
20713	47224	-2	401646038.3	-20.798	-37.402	-16.626	-55.643
20713	63926	0	401646043.1	-20.836	-37.390	-29.930	-78.162
20714	68449	0	401646032.8	-20.648	-37.196	-26.604	-63.287
20715	356	1	401646034.7	-20.591	-37.116	-19.459	-32.072
20716	21905	-1	401646043.6	-20.244	-36.998	-28.308	0.622
20716	21905	-1	401646035.6	-20.279	-36.969	-17.510	-49.294
20717	24963	0	401646032.6	-20.163	-36.873	-26.322	-8.507
20717	39488	0	401646056.2	-20.211	-36.735	-26.089	-10.773
20717	42243	1	401646033.4	-20.124	-36.872	-25.657	-11.728
20718	9706	1	401646032.1	-20.055	-36.853	-27.584	-1.807
20718	65791	-1	401646031.8	-19.954	-36.932	-20.915	-41.121
20718	85781	0	401646050.6	-19.926	-36.861	-12.204	-1.669
20719	65317	0	401646038.1	-19.922	-36.966	-19.568	-35.395
20719	82721	-2	401646031.8	-19.916	-37.020	-11.691	-0.718
20720	14790	1	401646033.2	-19.921	-37.028	-19.229	-40.098
20720	70558	0	401646028.4	-19.905	-36.998	-28.945	-77.937
20721	1993	-2	401646028.4	-20.062	-36.834	-16.583	-26.884
20721	19874	-1	401646001.3	-19.938	-37.152	-9.522	-83.597
20721	75555	0	401646044.5	-19.865	-37.054	-24.933	-60.438
20722	6821	-1	401646026.0	-19.952	-37.200	-25.977	-64.599
20722	24948	-1	401646032.3	-19.964	-37.192	-22.876	-23.723
20722	58490	-2	401646032.3	-19.924	-37.182	-19.259	-33.307
20723	62558	-1	401646025.2	-19.972	-37.568	-14.243	-12.276
20723	85373	-2	401646032.3	-19.858	-37.622	-14.736	-22.857
20724	32497	-2	401646032.3	-19.968	-37.691	-12.545	-72.229
20724	50333	-2	401646032.3	-19.991	-37.736	-11.464	-77.943
20725	17819	-1	401646053.7	-20.035	-38.005	-14.443	-62.731
20725	69892	2	401646038.3	-20.143	-38.048	-14.714	-13.674
20726	55931	-1	401646035.4	-20.243	-38.363	-14.595	-13.484
20728	9533	-1	401646014.8	-20.495	-38.782	-28.906	0.619
20728	27381	-2	401646032.3	-20.550	-38.935	-24.424	-27.512
20728	44849	1	401646042.0	-20.489	-38.990	-21.824	-32.789
20728	64850	1	401646037.3	-20.555	-39.060	-18.649	-30.751
20728	67007	-2	401646037.3	-20.562	-39.052	-11.873	0.990
20729	31688	1	401646046.0	-20.710	-39.199	-15.576	-62.256
20729	49694	0	401646033.4	-20.744	-39.213	-13.948	-69.492
20730	380	-2	401646046.0	-20.785	-39.533	-17.903	-31.444
20730	68670	-1	401646049.1	-21.060	-39.546	-12.951	-3.212
20730	86299	1	401646037.5	-21.086	-39.559	-17.981	-25.943
20731	19951	-2	401646046.0	-21.112	-39.633	-12.088	-81.066
20731	22785	-1	401646038.7	-21.137	-39.650	-31.296	8.539
20731	73535	0	401646035.5	-21.290	-39.818	-21.123	-39.037
20732	4929	0	401646039.2	-21.346	-39.876	-23.039	-46.222
20732	27048	0	401646038.6	-21.484	-40.029	-24.006	-27.869
20732	45335	-2	401646038.7	-21.611	-40.060	-22.435	-36.222
20732	58763	-1	401646020.7	-21.852	-40.242	-19.550	-29.306
20733	9856	-1	401646023.1	-22.103	-40.124	-31.122	-83.533
20733	26099	-2	401646038.7	-22.207	-40.230	-27.172	-17.446
20733	43935	-1	401646048.1	-22.275	-40.326	-25.461	-25.232
20733	61126	-2	401646038.7	-22.320	-40.317	-12.478	0.578
20734	48520	0	401646051.7	-22.373	-40.546	-17.748	-62.099
20734	67005	-9	401646038.7	-22.312	-40.200	-22.933	-43.083
20734	68940	-1	401646091.8	-22.362	-40.835	-14.169	-3.945
20736	56019	1	401646048.7	-22.859	-41.213	-15.594	-8.432
20737	26134	1	401646042.7	-23.287	-41.369	-28.064	-18.526
20737	77139	-2	401646042.7	-23.720	-41.511	-28.318	-63.917
20737	77305	-1	401646060.2	-23.726	-41.454	-32.313	-80.538
20738	9419	-2	401646042.7	-23.837	-41.598	-33.039	2.487
20738	25112	-1	401646048.8	-23.948	-41.712	-18.145	-67.000
20738	25429	3	401646042.4	-23.949	-41.684	-27.872	-23.709
20738	43385	0	401646041.3	-24.081	-41.730	-29.308	-17.452
20738	63646	0	401646046.0	-24.258	-41.812	-18.978	-18.630
20739	47534	0	401646050.6	-24.678	-42.125	-22.046	-54.731
20739	66435	-2	401646042.4	-24.616	-42.454	-34.189	-88.571
20740	102	1	401646039.8	-24.601	-42.530	-15.997	-2.837
20741	4624	-2	401646039.8	-24.418	-43.197	-23.569	-39.275
20741	22470	-9	401646039.8	-24.343	-43.375	-23.059	-49.303
20741	73761	0	401646056.0	-24.616	-43.557	-36.172	-95.998
20742	58279	2	401646038.6	-24.796	-44.115	-20.268	-23.678
20743	27361	-2	401646038.6	-24.887	-44.448	-15.857	-85.375
20744	46952	0	401646043.0	-25.402	-44.933	-25.307	-45.381
20744	66115	-9	401646038.6	-25.769	-45.665	-21.742	-28.809
20745	32957	-2	401646038.6	-25.611	-45.464	-20.530	-69.189
20746	513	0	401646036.7	-25.527	-45.769	-20.027	-20.762
20746	19653	-2	401646038.6	-25.524	-45.848	-32.162	-21.182
20746	55816	-1	401646054.2	-25.552	-46.010	-15.551	-1.929
20748	79054	1	401646057.2	-26.099	-47.039	-34.781	-87.444
20748	79073	2	401646051.3	-26.097	-47.059	-32.317	-76.528
20749	33059	-1	401646058.6	-26.211	-47.351	-21.513	-69.815
20749	66185	-2	401646058.6	-26.452	-47.562	-33.637	-81.993
20750	14697	-9	401646058.6	-26.560	-47.766	-30.977	-32.846
20750	50901	-1	401646048.3	-26.808	-47.832	-21.412	-72.753
20750	70200	0	401646066.2	-26.928	-47.946	-17.473	-4.689
20751	3027	2	401646053.4	-26.981	-48.021	-20.956	-19.457
20751	36415	-9	401646053.4	-26.744	-48.551	-17.182	-95.251
20751	72756	1	401646055.9	-27.300	-48.263	-34.830	-82.180
20753	7097	-2	401646055.0	-28.000	-48.302	-32.473	-69.582
20753	26857	0	401646050.4	-28.020	-48.331	-22.121	-74.763
20754	46896	-1	401646056.6	-28.660	-48.601	-25.596	-62.392
20754	64885	1	401646052.8	-28.818	-48.614	-21.680	-16.000
20755	69830	-9	401646052.8	-29.362	-48.821	-31.405	-56.687
20756	39308	-2	401646052.8	-29.680	-49.048	-39.399	-1.985
20756	55504	-1	401646026.7	-29.656	-48.945	-17.947	3.368
20756	73698	-2	401646052.8	-29.853	-49.042	-25.866	-29.743
20757	3523	-9	401646052.8	-29.911	-49.240	-28.061	-42.222
20757	22464	-9	401646052.8	-29.965	-49.457	-19.741	-94.710
20757	23420	-2	401646052.8	-29.989	-49.219	-29.164	-53.356
20757	44338	-9	401646052.8	-30.077	-49.414	-31.100	-44.197
20757	61028	-1	401646054.7	-30.152	-49.296	-27.972	-39.185
20758	8723	-2	401646054.7	-30.343	-49.453	-38.225	-82.802
20758	46037	-9	401646054.7	-30.714	-49.618	-35.183	-35.365
20758	61851	-2	401646054.7	-30.686	-49.787	-18.133	8.805
20760	14356	0	401646057.5	-31.351	-50.451	-42.627	-107.717
20761	1071	0	401646047.1	-31.550	-50.627	-21.102	-0.497
20761	71841	1	401646056.3	-31.584	-50.645	-25.740	-23.127
20761	71901	2	401646065.0	-31.600	-50.650	-35.579	-69.388
20762	5889	1	401646057.5	-31.580	-50.624	-33.084	-57.660
20762	5889	0	401646065.4	-31.553	-50.574	-28.909	-37.267
20762	58207	0	401646053.5	-31.536	-50.666	-23.494	-12.580
20762	76155	-1	401646062.9	-31.556	-50.645	-33.363	-59.182
20762	76790	-2	401646057.5	-31.693	-50.840	-32.566	-53.393
20763	25140	-2	401646057.5	-31.818	-50.684	-40.514	-6.249
20763	44948	-1	401646073.9	-31.986	-50.816	-37.216	-25.656
20763	81369	-2	401646057.5	-32.308	-50.868	-40.762	-89.384
20764	12132	0	401646059.0	-32.354	-50.883	-40.900	-10.231
20764	12152	-1	401646005.0	-32.187	-51.211	-40.891	-9.771
20764	30024	-9	401646057.5	-32.339	-50.949	-34.071	-43.734
20764	49587	-2	401646057.5	-32.365	-51.017	-29.520	-63.232
20765	17416	0	401646068.3	-32.191	-51.119	-31.500	-54.215
20765	34220	-1	401646045.8	-32.148	-51.164	-26.507	-78.983
20765	50560	-1	401646066.0	-32.073	-51.128	-23.529	-89.201
20765	68974	1	401646064.1	-31.964	-51.159	-30.912	-46.365
20766	74289	-2	401646064.1	-31.784	-51.296	-39.596	-88.365
20767	60990	-2	401646064.1	-31.887	-51.373	-28.532	-35.444
20767	75688	-2	401646064.1	-31.922	-51.334	-29.768	-44.296
20768	80731	-2	401646064.1	-31.937	-51.409	-37.816	-81.409
20769	28756	-2	401646064.1	-32.055	-51.677	-35.797	-33.219
20769	48709	-2	401646064.1	-32.181	-51.702	-31.172	-55.573
20770	14412	-2	401646064.1	-32.628	-52.198	-37.676	-29.251
20770	33333	1	401646070.6	-32.809	-52.251	-29.233	-69.355
20771	19618	-1	401646071.7	-33.426	-52.630	-29.475	-71.815
20772	3744	-1	401646075.7	-33.876	-52.599	-26.963	-19.891
20772	3959	2	401646077.0	-33.881	-52.605	-31.206	-40.394
20772	57975	-2	401646077.0	-33.828	-52.853	-24.604	-8.563
20772	76151	-1	401646089.5	-33.788	-52.968	-43.678	-100.380
20773	8250	1	401646067.9	-33.728	-53.108	-34.455	-56.615
20773	9021	-2	401646067.9	-33.767	-53.112	-40.804	-79.451
20773	25089	-2	401646067.9	-33.663	-53.144	-31.493	-59.003
20773	43329	-2	401646067.9	-33.682	-53.173	-42.821	-12.133
20773	79585	0	401646067.2	-33.684	-53.220	-36.990	-70.134
20774	11906	1	401646068.1	-33.716	-53.306	-43.058	-8.254
20774	12911	-1	401646060.8	-33.709	-53.324	-41.813	-93.272
20774	30046	-1	401646097.4	-33.688	-53.317	-23.593	-99.884
20774	47424	0	401646074.0	-33.747	-53.378	-35.015	-47.044
20774	68974	-2	401646097.4	-33.680	-53.142	-31.126	-40.722
20775	17207	-2	401646097.4	-33.854	-53.416	-34.221	-51.638
20775	52172	-2	401646097.4	-33.940	-53.471	-27.714	-83.908
20775	68184	-2	401646097.4	-34.066	-53.442	-30.107	-34.845
20775	68249	-2	401646097.4	-34.114	-53.681	-41.115	-88.875
20775	70334	-1	401646131.4	-34.208	-53.680	-22.575	0.696
20776	1028	-1	401646065.0	-34.147	-53.627	-25.763	-14.377
20776	36821	-2	401646065.0	-34.339	-53.762	-25.674	-97.000
20776	73088	-9	401646065.0	-34.617	-54.031	-40.142	-74.489
20777	21965	1	401646072.7	-34.624	-54.067	-39.009	-35.873
20777	22249	-1	401646072.3	-34.628	-54.051	-26.955	-89.299
20777	41247	0	401646069.1	-34.698	-54.189	-43.220	-13.503
20778	7433	1	401646073.3	-34.882	-54.510	-33.301	-47.159
20778	26358	1	401646076.6	-35.018	-54.582	-41.476	-22.840
20779	11850	0	401646072.9	-35.381	-54.922	-41.282	-83.993
20779	46842	2	401646071.0	-35.399	-55.124	-38.605	-39.467
20779	65398	-9	401646071.1	-35.388	-55.226	-25.856	-10.179
20779	65582	2	401646071.1	-35.395	-55.241	-37.874	-67.251
20779	82794	-1	401646069.9	-35.419	-55.311	-43.133	-94.609
20780	51569	-1	401646061.7	-35.550	-55.606	-31.448	-75.409
20781	19356	-2	401646069.9	-35.553	-55.923	-44.735	-12.136
20781	72031	-2	401646069.9	-35.567	-56.107	-27.669	-18.176
20781	73613	-2	401646069.9	-35.605	-56.089	-27.465	-22.344
20782	75516	-2	401646069.9	-35.475	-56.293	-41.703	-87.612
20783	26763	-1	401646072.8	-35.488	-56.139	-43.382	-15.523
20783	63000	1	401646064.6	-35.526	-56.158	-33.564	-46.942
20783	81235	-2	401646064.6	-35.487	-56.187	-42.213	-90.142
20784	10845	-9	401646064.6	-35.545	-56.181	-40.364	-73.203
20784	11994	-2	401646064.6	-35.462	-56.157	-46.066	-7.616
20785	15717	-2	401646064.6	-35.722	-56.263	-46.343	-112.023
20785	17141	-2	401646064.6	-35.724	-56.272	-37.163	-49.249
20785	33913	-2	401646064.6	-35.813	-56.261	-30.507	-82.137
20785	50660	-9	401646064.6	-35.880	-56.335	-32.989	-68.744
20786	72932	-2	401646064.6	-35.818	-56.213	-27.423	-14.335
20787	22069	-2	401646064.6	-35.924	-56.168	-29.397	-88.662
20787	41676	-2	401646064.6	-35.956	-56.144	-46.931	1.703
20787	60267	-2	401646064.6	-36.076	-56.058	-28.216	-25.792
20787	75367	-2	401646064.6	-35.917	-56.238	-33.154	-42.559
20787	77422	-2	401646064.6	-35.933	-56.294	-34.801	-50.602
20788	9449	-2	401646064.6	-35.922	-56.241	-41.584	-78.326
20788	25849	-2	401646064.6	-35.905	-56.221	-45.610	-7.557
20788	26491	-2	401646064.6	-35.934	-56.250	-33.173	-68.333
20788	46216	-1	401646100.0	-35.889	-56.379	-40.035	-35.051
20789	10573	-2	401646064.6	-35.866	-56.438	-37.697	-67.179
20789	30528	-9	401646064.6	-35.976	-56.309	-39.500	-45.178
20789	65356	0	401646069.9	-35.902	-56.299	-37.750	-65.190
20790	14853	-1	401646082.4	-35.921	-56.390	-45.267	-104.608
20790	69487	-1	401646063.8	-35.916	-56.372	-32.965	-43.056
20791	19614	0	401646061.5	-35.853	-56.400	-33.497	-67.588
20791	71744	-2	401646063.8	-35.966	-56.388	-25.750	-5.233
20792	6311	-2	401646063.8	-36.045	-56.349	-35.131	-53.721
20792	6311	-2	401646063.8	-36.011	-56.520	-31.623	-34.313
20792	23583	-1	401646091.1	-35.980	-56.494	-47.032	0.810
20792	23583	-1	401646064.3	-36.050	-56.506	-38.422	-45.329
20792	24982	-2	401646063.8	-36.048	-56.474	-24.718	-111.297
20792	76532	-2	401646063.8	-36.008	-56.335	-33.250	-41.037
20793	45250	-2	401646063.8	-36.096	-56.373	-41.484	-28.454
20793	62727	0	401646076.8	-36.047	-56.591	-33.182	-44.602
20793	80741	1	401646061.4	-36.084	-56.348	-40.195	-77.464
20794	11704	-2	401646061.4	-36.081	-56.380	-46.027	-5.740
20794	29431	-9	401646061.4	-36.141	-56.379	-41.951	-36.752
20795	14137	-2	401646061.4	-36.127	-56.539	-43.885	-96.855
20795	17169	-9	401646061.4	-36.246	-56.216	-37.885	-49.274
20795	33382	-2	401646061.4	-36.233	-56.365	-33.477	-71.195
20796	20697	-2	401646061.4	-36.308	-56.385	-43.101	-23.152
20796	38342	-2	401646061.4	-36.346	-56.452	-25.964	-107.592
20797	21834	-2	401646061.4	-36.332	-56.380	-30.056	-86.796
20797	60322	-2	401646061.4	-36.387	-56.311	-29.836	-25.311
20798	25509	-1	401646049.1	-36.193	-56.299	-35.366	-59.935
20798	44521	-2	401646061.4	-36.212	-56.241	-43.052	-21.112
20798	79852	-2	401646061.4	-36.218	-56.291	-38.442	-68.578
20799	30581	-1	401646069.5	-36.153	-56.250	-26.524	-102.001
20799	31308	-9	401646061.4	-36.155	-56.466	-35.266	-60.475
20799	49205	-1	401646066.2	-36.160	-56.493	-35.938	-57.586
20799	65336	-1	401646063.4	-36.204	-56.337	-37.744	-63.985
20800	32418	-2	401646061.4	-36.136	-56.341	-35.055	-61.761
20801	73789	-9	401646061.4	-35.911	-56.132	-40.529	-75.847
20802	4396	-2	401646051.7	-36.028	-56.497	-28.698	-20.262
20802	4841	3	401646051.7	-36.018	-56.512	-32.626	-40.637
20802	23709	-2	401646051.7	-35.988	-56.543	-48.278	9.451
20802	76826	-2	401646051.7	-36.064	-56.934	-35.581	-54.916
20803	25502	-1	401646070.1	-36.131	-56.380	-45.098	-12.318
20803	28098	-2	401646051.7	-36.123	-56.434	-41.695	-27.733
20803	28098	-2	401646051.7	-36.128	-56.456	-30.739	-80.002
20803	43800	-2	401646051.7	-36.153	-56.464	-44.557	-14.342
20803	45075	-2	401646051.7	-36.154	-56.456	-39.068	-42.344
20804	29883	-1	401646063.2	-36.283	-56.531	-37.913	-48.592
20804	66055	-2	401646051.7	-36.280	-56.504	-26.880	-11.857
20804	67895	-9	401646051.7	-36.001	-56.137	-43.504	-84.873
20804	83200	-2	401646051.7	-36.235	-56.591	-43.801	-96.047
20805	17000	-2	401646051.7	-36.197	-56.659	-38.212	-47.792
20805	34184	-1	401646059.8	-36.285	-56.540	-30.657	-84.427
20805	52772	-2	401646051.7	-36.329	-56.525	-30.081	-87.412
20806	19958	-2	401646051.7	-36.332	-56.451	-44.898	-15.531
20806	74239	-2	401646051.7	-36.447	-56.489	-30.279	-25.647
20807	21673	-1	401646051.2	-36.569	-56.501	-30.368	-85.974
20807	75646	2	401646059.8	-36.396	-56.603	-33.919	-44.373
20807	75896	1	401646058.4	-36.395	-56.607	-43.266	-90.401
20808	7860	2	401646060.3	-36.444	-56.666	-34.981	-49.586
20808	27288	-1	401646049.4	-36.486	-56.677	-44.171	-18.190
20808	79934	1	401646062.5	-36.561	-56.465	-41.468	-80.364
20809	12458	-1	401646059.6	-36.456	-56.488	-42.448	-86.142
20809	28588	-9	401646060.3	-36.405	-56.545	-40.600	-38.629
20809	29884	0	401646062.2	-36.452	-56.482	-28.304	-93.467
20809	47333	-1	401646061.6	-36.438	-56.473	-39.026	-43.515
20809	65097	-1	401646056.5	-36.463	-56.453	-37.684	-62.451
20810	51915	-1	401646062.4	-36.520	-56.392	-31.758	-80.540
20811	19289	-1	401646056.0	-36.518	-56.326	-34.510	-66.918
20811	73034	2	401646051.6	-36.510	-56.249	-28.373	-16.904
20811	73034	2	401646051.9	-36.511	-56.248	-39.014	-68.164
20812	21552	-1	401646055.9	-36.549	-56.195	-42.207	-29.904
20812	57361	-2	401646055.9	-36.552	-56.197	-25.111	-0.202
20812	77414	-9	401646055.9	-36.488	-55.892	-35.622	-52.642
20813	7305	-2	401646055.9	-36.502	-56.153	-33.890	-42.317
20813	8242	-9	401646055.9	-36.501	-56.115	-38.995	-67.521
20813	26843	0	401646060.1	-36.534	-56.162	-32.939	-72.043
20813	28540	-1	401646036.0	-36.522	-56.246	-40.236	-38.124
20813	43353	-1	401646053.4	-36.562	-56.151	-42.650	-29.167
20813	62548	2	401646048.4	-36.466	-56.195	-33.723	-42.987
20814	11453	-2	401646048.4	-36.510	-56.215	-46.936	-3.890
20814	11668	1	401646051.8	-36.513	-56.189	-41.235	-79.041
20814	30679	-9	401646051.8	-36.594	-56.183	-38.617	-47.412
20814	46643	-2	401646051.8	-36.659	-56.212	-40.890	-37.848
20814	48460	-1	401646075.1	-36.650	-56.113	-33.756	-70.151
20815	35018	-1	401646075.5	-36.421	-56.527	-31.209	-82.608
20815	51090	2	401646057.1	-36.538	-56.495	-33.098	-73.251
20815	70121	2	401646057.5	-36.505	-56.453	-34.212	-45.798
20816	18621	-1	401646048.5	-36.772	-56.374	-46.557	-6.539
20816	35814	-2	401646057.5	-36.811	-56.415	-28.340	-98.105
20816	55646	-1	401646073.5	-36.857	-56.283	-25.863	-110.197
20817	21356	0	401646067.9	-36.915	-56.110	-31.028	-85.110
20817	76471	2	401646059.8	-36.964	-56.094	-34.571	-44.224
20818	25017	0	401646057.3	-37.122	-56.091	-47.970	-1.010
20818	80795	-2	401646059.8	-37.114	-55.983	-42.421	-79.349
20819	10838	-1	401646059.3	-37.158	-55.962	-40.386	-71.664
20819	28924	0	401646065.8	-37.211	-55.891	-30.537	-86.586
20819	29396	0	401646062.3	-37.221	-55.869	-40.967	-38.764
20819	31545	1	401646062.3	-37.224	-55.856	-35.652	-63.528
20819	64934	2	401646058.4	-37.144	-55.667	-38.447	-61.394
20820	15288	-2	401646058.3	-37.051	-55.734	-47.244	-109.162
20820	34157	-9	401646058.3	-37.035	-55.813	-32.147	-75.662
20820	50501	-9	401646058.3	-37.100	-55.693	-32.784	-68.158
20820	70208	-1	401646056.9	-36.917	-55.556	-47.090	-105.584
20821	18877	2	401646060.2	-36.880	-55.516	-34.656	-66.248
20821	72180	1	401646058.6	-36.793	-55.411	-37.856	-60.550
20822	42396	-2	401646058.6	-36.876	-55.423	-43.782	-21.237
20822	75421	2	401646056.5	-36.826	-55.428	-33.004	-36.070
20823	25641	1	401646064.2	-36.796	-55.358	-44.316	-16.860
20823	25939	1	401646062.3	-36.798	-55.367	-34.938	-64.262
20823	62449	-1	401646057.4	-36.630	-55.276	-33.923	-42.639
20824	11199	-1	401646062.2	-36.501	-55.270	-47.125	-3.236
20824	11369	-2	401646060.2	-36.494	-55.278	-46.978	-4.156
20824	11833	-2	401646062.2	-36.517	-55.269	-44.738	-96.159
20824	28540	-9	401646062.2	-35.857	-55.831	-42.722	-31.783
20824	30027	-2	401646062.2	-36.525	-55.224	-37.096	-52.375
20824	84630	-2	401646062.2	-36.446	-55.203	-46.656	-109.341
20825	16473	2	401646060.1	-36.429	-55.231	-38.231	-46.798
20825	32788	-1	401646064.2	-36.458	-55.198	-34.500	-66.639
20825	34594	0	401646065.6	-36.468	-55.212	-29.477	-88.258
20825	52119	0	401646061.4	-36.455	-55.214	-27.273	-98.418
20825	52369	-2	401646065.6	-36.553	-55.405	-26.558	-99.116
20825	69228	2	401646053.5	-36.450	-55.169	-32.855	-38.389
20826	17963	-1	401646070.4	-36.389	-55.102	-47.863	0.757
20827	21668	-9	401646070.4	-36.648	-55.337	-29.034	-85.841
20827	23176	1	401646059.1	-36.594	-55.198	-39.560	-42.279
20827	23865	-9	401646059.1	-36.605	-55.190	-47.829	4.791
20827	59752	-1	401646092.2	-36.673	-55.456	-29.903	-23.660
20827	75853	2	401646057.9	-36.680	-55.378	-35.077	-47.649
20828	8759	-1	401646072.7	-36.727	-55.439	-39.924	-70.933
20828	9949	-2	401646057.9	-36.927	-55.456	-40.894	-66.957
20828	45235	-2	401646072.7	-36.784	-55.444	-42.484	-27.529
20828	79023	-2	401646072.7	-36.674	-56.177	-37.735	-62.426
20828	79049	-9	401646054.9	-36.736	-55.591	-48.947	-117.140
20828	80395	3	401646054.9	-36.724	-55.587	-42.319	-82.967
20829	48916	-2	401646054.9	-36.751	-55.652	-33.098	-73.135
20829	64931	2	401646051.3	-36.771	-55.674	-37.834	-60.757
20829	66516	1	401646054.5	-36.783	-55.656	-28.233	-15.471
20830	33248	-2	401646051.3	-36.749	-55.683	-32.504	-76.487
20830	70166	2	401646051.7	-36.724	-55.712	-46.452	-104.019
20831	18588	-2	401646051.7	-36.634	-55.736	-34.922	-65.287
20831	18827	1	401646053.0	-36.615	-55.735	-34.701	-64.891
20831	20156	-2	401646053.0	-36.599	-55.697	-43.910	-19.281
20831	36342	-2	401646053.0	-36.606	-55.701	-28.860	-93.418
20832	4736	1	401646061.8	-36.350	-55.781	-29.941	-25.493
20832	40698	-1	401646061.5	-36.303	-55.814	-46.615	-6.021
20833	9060	-9	401646061.0	-36.767	-56.086	-38.151	-59.818
20833	25301	-9	401646061.0	-36.624	-55.271	-35.907	-57.356
20833	27196	-2	401646061.0	-36.507	-55.737	-42.854	-22.719
20833	45754	-1	401646064.6	-36.517	-55.791	-38.182	-48.629
20833	62202	-1	401646086.7	-36.488	-56.014	-33.436	-41.472
20833	78927	-2	401646064.6	-36.515	-55.889	-39.701	-71.477
20833	83360	-2	401646064.6	-36.520	-55.903	-45.755	-100.889
20834	14002	-1	401646065.7	-36.567	-55.966	-45.296	-98.360
20834	30132	-2	401646065.7	-36.572	-55.991	-27.828	-97.576
20834	31887	-2	401646065.7	-36.567	-56.042	-36.046	-58.660
20834	48725	-1	401646074.5	-36.516	-56.361	-36.695	-55.456
20834	50884	-2	401646065.7	-36.593	-56.023	-29.592	-89.657
20835	16564	-9	401646065.7	-36.620	-56.252	-38.200	-46.015
20835	16824	-2	401646065.7	-36.816	-56.092	-40.062	-47.161
20835	50605	-1	401646079.7	-36.638	-56.472	-31.094	-82.364
20835	53367	-2	401646065.7	-36.562	-56.269	-29.324	-92.517
20835	74594	-2	401646065.7	-36.562	-56.361	-31.284	-30.242
20836	8545	-2	401646065.7	-36.514	-56.408	-38.974	-68.313
20846	78584	-1	401646094.6	-36.766	-56.515	-47.811	-111.042
20847	11996	-2	401646094.6	-36.807	-56.484	-44.650	-95.382
20847	15184	-1	401646081.6	-36.815	-56.452	-41.574	-33.391
20847	27268	-2	401646094.6	-36.597	-56.555	-33.400	-72.199
20847	31296	-2	401646094.6	-36.718	-56.751	-37.273	-53.951
20847	32152	-2	401646094.6	-36.781	-56.915	-34.831	-65.812
20847	40968	-2	401646094.6	-36.690	-56.554	-46.337	-8.025
20847	54740	-2	401646094.6	-36.746	-56.426	-27.273	-103.644
20847	71895	-2	401646094.6	-36.938	-55.822	-37.272	-57.494
20847	81383	-2	401646094.6	-36.665	-56.319	-42.842	-84.832
20848	79926	-2	401646094.6	-36.521	-56.073	-40.517	-73.202
20850	50626	-2	401646094.6	-36.318	-56.455	-33.611	-70.978
20853	79381	-2	401646094.6	-36.887	-56.578	-40.187	-73.070
20854	10517	-2	401646094.6	-36.836	-56.793	-39.215	-68.922
20854	28609	-1	401646014.1	-36.807	-56.266	-31.603	-80.364
20854	83412	-1	401646069.2	-36.808	-56.528	-45.977	-102.368
20855	14976	-1	401646062.0	-36.828	-56.588	-46.682	-105.938
20856	36390	-1	401646057.5	-36.653	-56.584	-28.776	-95.313
20856	54340	1	401646056.7	-36.696	-56.561	-27.644	-100.263
20857	39313	-2	401646056.7	-36.594	-56.599	-48.944	6.729
20858	25720	-9	401646056.7	-36.773	-56.369	-36.279	-58.569
20861	18461	-2	401646056.7	-36.777	-56.599	-36.117	-61.581
20863	61911	-1	401646058.9	-36.865	-56.602	-32.922	-36.950
20866	72323	-2	401646058.9	-36.802	-56.471	-27.954	-13.138
20867	4289	-1	401646062.6	-36.635	-56.550	-29.380	-22.061
20867	59163	-2	401646062.6	-36.591	-56.608	-27.604	-16.691
20867	76030	-2	401646062.6	-43.166	-88.510	0.000	0.000
20867	76030	-2	401646062.6	-43.166	-88.510	-36.636	-56.579
20868	25018	-2	401646062.6	-36.700	-56.611	-46.092	-8.704
20869	29285	-2	401646062.6	-36.763	-56.611	-39.150	-44.580
20870	68099	-2	401646062.6	-36.738	-56.564	-29.845	-23.518
20871	73384	-1	401646055.4	-36.841	-56.589	-38.757	-65.901
20872	3620	-1	401646054.1	-36.872	-56.598	-28.480	-14.659
20872	21912	-1	401646060.6	-36.901	-56.611	-42.995	-27.587
20872	75757	-1	401646060.2	-36.778	-56.600	-33.542	-40.847
20873	80260	-2	401646060.2	-36.710	-56.577	-40.666	-76.012
20874	10516	-1	401646030.7	-36.772	-56.690	-48.855	3.878
20874	10576	-2	401646060.2	-36.756	-56.571	-48.471	3.074
20874	47633	-1	401646057.7	-36.608	-56.622	-38.819	-45.726
20875	15963	-2	401646057.7	-36.653	-56.621	-40.159	-40.395
20876	18914	-2	401646057.7	-36.509	-56.639	-46.963	-4.297
20877	59144	-2	401646057.7	-36.162	-56.581	-27.734	-16.414
20878	7126	-1	401646055.1	-36.248	-56.534	-33.813	-44.736
20879	46726	-1	401646057.7	-36.010	-56.866	-39.900	-37.861
20880	32341	-2	401646057.7	-36.003	-56.831	-34.887	-61.648
20883	23040	-2	401646057.7	-35.670	-56.531	-27.344	-96.294
20883	26068	1	401646056.7	-35.656	-56.531	-34.783	-60.762
20883	32160	-1	401646086.7	-35.570	-56.478	-24.381	-108.334
20883	42908	-2	401646086.7	-35.591	-56.679	-42.336	-23.092
20883	47097	-9	401646086.7	-35.718	-56.573	-36.898	-42.983
20883	49368	-2	401646086.7	-35.710	-56.898	-31.991	-71.346
20883	61722	-2	401646086.7	-35.613	-56.397	-31.331	-35.667
20883	83977	-2	401646086.7	-35.612	-56.346	-45.659	-107.383
20884	13481	-2	401646062.7	-35.612	-56.437	-45.413	-105.544
20884	32668	-2	401646062.7	-35.534	-56.573	-33.546	-64.220
20884	51837	-2	401646057.2	-35.592	-56.513	-30.415	-79.098
20885	15885	-2	401646057.2	-35.641	-56.432	-39.843	-39.573
20885	72276	-2	401646057.2	-35.673	-56.559	-48.414	-121.915
20886	2201	1	401646060.4	-35.717	-56.585	-25.094	-4.731
20886	21078	-2	401646060.4	-35.679	-56.655	-30.782	-81.678
20886	35770	-2	401646060.4	-35.736	-56.662	-28.894	-89.058
20886	73893	-1	401646061.4	-35.869	-56.729	-28.978	-25.551
20886	74832	-2	401646060.4	-35.857	-56.753	-40.188	-77.664
20887	23578	0	401646073.0	-36.106	-56.669	-40.409	-39.529
20887	76670	-2	401646061.4	-36.148	-56.862	-34.606	-52.234
20887	78556	-1	401646062.0	-36.125	-56.842	-37.111	-61.439
20888	25162	-2	401646062.0	-36.166	-56.730	-45.225	-10.280
20888	26657	2	401646062.5	-36.170	-56.716	-43.561	-18.363
20888	46111	-1	401646061.7	-36.193	-56.574	-40.177	-35.172
20888	64334	-2	401646061.7	-36.214	-56.654	-36.482	-57.677
20888	79413	-2	401646061.7	-36.224	-56.602	-47.752	-114.701
20888	81393	-1	401646064.0	-36.238	-56.589	-43.232	-89.167
20889	13395	-2	401646061.7	-36.282	-56.605	-44.134	-19.784
20889	29903	-2	401646061.7	-36.355	-56.569	-38.497	-47.174
20889	50371	-2	401646064.0	-36.334	-56.621	-31.082	-81.786
20889	50657	1	401646060.3	-36.352	-56.627	-33.065	-71.800
20889	66409	-2	401646060.3	-36.294	-56.534	-26.660	-12.401
20890	14633	-1	401646065.7	-36.229	-56.375	-45.412	-104.065
20890	18808	-9	401646065.7	-36.236	-56.591	-34.625	-62.674
20890	33966	-2	401646065.7	-36.254	-56.245	-30.962	-82.900
20890	36188	-2	401646065.7	-36.269	-56.395	-27.740	-92.591
20890	71872	-1	401646062.0	-36.314	-56.344	-35.981	-55.052
20891	42662	-2	401646065.7	-36.164	-56.299	-42.961	-21.999
20891	53963	-1	401646049.9	-36.219	-56.269	-27.843	-97.918
20892	23253	-2	401646049.9	-36.179	-56.172	-27.086	-100.332
20892	25390	-2	401646049.9	-36.165	-56.151	-44.926	-11.495
20892	25727	-2	401646049.9	-36.080	-56.444	-35.705	-58.248
20892	62055	-1	401646058.4	-36.018	-56.341	-32.686	-38.467
20892	81399	-2	401646058.4	-35.994	-56.452	-42.736	-89.723
20893	10369	-2	401646058.4	-35.971	-56.526	-38.868	-70.582
20893	61385	-2	401646058.4	-36.020	-56.641	-31.321	-34.053
20893	81842	-1	401646072.8	-36.040	-56.623	-42.537	-89.487
20894	11679	2	401646060.7	-36.067	-56.652	-43.107	-90.108
20894	28552	-2	401646060.7	-36.097	-56.638	-40.868	-36.163
20894	30063	-2	401646060.7	-36.110	-56.636	-38.215	-45.864
20894	36488	-2	401646060.7	-36.079	-56.641	-26.993	-94.727
20894	50170	-2	401646060.7	-36.194	-56.774	-33.113	-65.321
20894	69098	-2	401646060.7	-36.127	-56.609	-31.344	-31.993
20895	15676	-1	401646055.2	-36.116	-56.686	-40.225	-36.791
20895	32679	-1	401646076.3	-36.213	-56.538	-33.337	-70.809
20895	35065	-2	401646060.7	-36.171	-56.639	-29.100	-83.365
20895	68157	-1	401646107.1	-36.127	-57.029	-29.652	-27.328
20895	71188	-2	401646060.7	-36.163	-56.666	-26.035	-6.923
20895	72168	-1	401646069.7	-36.188	-56.656	-48.916	-120.860
20897	4788	-2	401646060.7	-36.234	-56.649	-29.824	-26.245
20897	22259	-2	401646060.7	-36.326	-56.593	-41.787	-30.086
20897	76389	-2	401646060.7	-36.335	-56.563	-33.908	-43.540
20898	27705	-1	401646059.9	-36.481	-56.495	-33.106	-72.578
20898	28663	-2	401646060.7	-36.497	-56.486	-41.302	-37.348
20898	66045	-2	401646059.9	-36.369	-56.538	-25.637	-9.180
20898	80861	-2	401646059.9	-36.430	-56.530	-41.120	-79.990
20899	28969	-2	401646059.9	-36.510	-56.503	-40.255	-37.511
20899	71822	-2	401646059.9	-36.320	-56.449	-35.469	-52.183
20899	73385	-2	401646059.9	-36.376	-56.531	-29.313	-21.294
20899	83019	-2	401646059.9	-36.403	-56.526	-45.414	-102.307
20899	85310	-2	401646059.9	-36.434	-56.577	-47.760	-117.130
20901	17996	-9	401646059.9	-36.371	-56.109	-36.156	-57.003
20901	19389	-2	401646059.9	-36.248	-56.618	-46.128	-7.393
20902	25249	-9	401646059.9	-36.320	-56.630	-38.163	-51.691
20902	40329	-2	401646059.9	-36.077	-56.753	-47.231	-0.141
20902	78570	-1	401646060.2	-36.029	-56.852	-38.252	-67.067
20902	78619	-2	401646059.9	-36.032	-56.852	-37.827	-66.518

