57949							
tu26_B_05							
20252	76321	-1	401600000	9.015	-81.719	15.872	-51.373
20253	41005	-2	401600000	9.139	-81.759	15.274	-109.611
20260	85170	-1	401600000	8.966	-81.2	6.805	-91.104
20262	36627	0	401600000	8.929	-81.364	0.033	-42.152
20265	12728	-1	401600000	8.935	-81.469	10.436	-74.601
20266	33005	-2	401600000	8.984	-81.523	14.876	-107.569
20267	55008	-2	401600000	8.936	-81.514	4.809	-63.125
20267	72104	-2	401600000	8.913	-81.482	4.009	-103.199
20268	59362	-2	401600000	9.247	-81.585	14.189	-98.909
20269	8859	-2	401600000	8.892	-81.417	6.496	-91.748
20269	64936	-2	401600000	8.924	-81.377	16.909	-45.089
20270	11678	-2	401600000	8.881	-81.342	11.931	-67.62
20271	16430	2	401600000	8.926	-81.456	3.675	-104.693
20272	54185	-1	401600000	8.963	-81.376	3.316	-56.453
20272	74832	0	401600000	8.906	-81.273	3.649	-104.13
20273	58598	-2	401600000	9.24	-81.671	12.1	-92.53
20274	43586	-2	401600000	8.909	-81.376	12.558	-97.89
20274	63354	-2	401600000	8.932	-81.317	19.528	-130.387
20275	33096	-2	401600000	8.876	-81.442	14.546	-106.134
20276	32728	0	401600000	8.897	-81.53	19.003	-126.806
20279	62425	-2	401600000	8.998	-81.528	18.186	-123.015
20279	64656	-2	401600000	8.839	-81.274	17.095	-44.634
20279	82281	-2	401600000	8.883	-81.377	12.037	-67.012
20280	12345	-2	401600000	8.87	-81.344	0.109	-119.762
20280	29331	-2	401600000	8.921	-81.399	8.112	-77.962
20280	30460	-1	401600000	8.836	-81.34	14.607	-107.286
20280	82922	-1	401600000	8.884	-81.086	3.646	-104.055
20281	14494	-2	401600000	8.863	-81.13	6.619	-91.052
20281	34901	-2	401600000	8.92	-81.187	17.899	-121.241
20281	69604	-1	401600000	8.928	-81.008	8.222	-84.14
20282	19339	-1	401600000	8.93	-81.114	-1.819	-128.288
20285	66098	-1	401600000	8.871	-81.269	20.274	-31.25
20285	67191	-1	401600000	8.879	-81.359	12.707	-64.324
20288	75868	0	401600000	8.986	-81.319	1.975	-111.334
20289	79948	-1	401600000	8.926	-81.542	15.984	-49.462
20290	30105	1	401600000	8.988	-81.653	14.728	-107.003
20291	33867	-1	401600000	9.049	-81.675	16.311	-112.988
20291	69481	-9	401600000	9.192	-81.478	8.72	-83.466
20292	36169	0	401600000	8.953	-81.642	-0.999	-37.201
20292	73229	0	401600000	8.912	-81.388	7.223	-88.703
20293	41738	-2	401600000	8.821	-81.175	16.508	-116.245
20293	61319	-1	401600000	8.956	-81.025	16.474	-114.354
20293	80296	-1	401600000	8.952	-80.854	15.158	-52.592
20294	8733	0	401600000	8.996	-80.809	17.007	-44.625
20294	27456	-9	401600000	9.325	-81.13	10.968	-87.469
20294	45029	-2	401600000	9.163	-80.745	15.9	-110.929
20294	45094	1	401600000	9.137	-80.612	16.077	-111.61
20294	80373	-2	401600000	9.279	-80.882	8.578	-83.139
20295	13405	-2	401600000	9.301	-80.149	8.792	-82.431
20296	70488	-1	401600000	9.757	-79.298	12.216	-68.6
20297	1756	-1	401600000	9.759	-79.238	1.432	-116.534
20299	7784	-2	401600000	10.439	-78.142	18.686	-40.441
20301	32886	-2	401600000	11.399	-77.302	18.369	-108.251
20301	53690	-2	401600000	11.533	-77.26	16.907	-100.886
20302	54639	-2	401600000	11.809	-77.278	7.895	-64.811
20302	72560	-1	401600000	11.976	-77.024	9.764	-86.496
20303	25202	-2	401600000	12.355	-76.127	5.179	-48.572
20308	24846	-9	401600000	13.203	-75.016	12.389	-71.754
20308	58571	-2	401600000	13.389	-75.526	18.03	-96.271
20309	81924	-2	401600000	13.68	-75.406	14.928	-70.278
20311	15683	-1	401600000	14.332	-75.051	7.409	-105.456
20311	69352	-2	401600000	14.741	-74.963	10.849	-91.334
20315	28988	-2	401600000	15.93	-74.035	17.211	-78.755
20317	2020	-2	401600000	16.224	-73.542	22.782	-44.184
20317	74134	1	401600000	16.273	-73.351	9.12	-104.594
20317	76297	-1	401600000	16.252	-73.261	25.41	-30.084
20317	76297	-1	401600000	16.337	-73.347	19.342	-59.858
20319	10336	-2	401600000	16.879	-74.944	18.651	-66.899
20320	66080	-1	401600000	16.938	-72.713	24.137	-40.463
20320	84255	-2	401600000	16.999	-72.59	12.543	-93.507
20321	69853	-1	401600000	17.025	-71.945	11.807	-94.947
20323	80184	-2	401600000	16.962	-71.7	20.208	-60.924
20324	9800	-2	401600000	17.192	-71.442	18.946	-63.338
20324	61912	-2	401600000	17.201	-71.203	25.418	-33.279
20325	67456	-2	401600000	17.135	-70.575	15.259	-77.815
20326	35464	-2	401600000	17.156	-70.627	10.815	-41.339
20329	83279	-2	401600000	18.004	-69.011	13.353	-90.53
20330	29522	-1	401600000	18.043	-68.705	28.219	-114.056
20331	56708	-2	401600000	18.523	-68.464	23.566	-86.574
20331	69599	-2	401600000	18.267	-68.317	11.551	-98.863
20332	23041	-2	401600000	18.488	-67.864	9.878	-35.752
20332	78383	-2	401600000	18.59	-67.428	13.759	-81.46
20333	46987	-2	401600000	18.655	-67.675	14.959	-51.361
20334	27715	-9	401600000	19.987	-68.672	20.96	-71.59
20335	34729	-2	401600000	19.2	-67.117	12.846	-37.506
20335	66897	-9	401600000	18.802	-67.443	15.927	-80.331
20337	3987	-1	401600000	19.794	-66.566	29.382	-22.109
20337	54430	-9	401600000	20.097	-66.376	21.398	-70.005
20337	54667	1	401600000	20.128	-66.414	21.262	-71.058
20338	76590	-2	401600000	20.658	-66.316	26.168	-39.952
20339	64827	-2	401600000	21.107	-66.257	27.144	-38.649
20340	50742	0	401600000	21.606	-66.335	15.327	-37.477
20342	1061	-2	401600000	22.32	-66.272	27.654	-43.077
20342	36645	-2	401600000	22.535	-66.072	19.848	-53.443
20343	75748	-2	401600000	23.396	-66.431	30.816	-33.429
20345	84648	-2	401600000	24.615	-66.377	16.257	-106.392
20346	36887	-2	401600000	24.586	-66.355	22.178	-54.619
20348	24055	-1	401600000	25.62	-66.486	20.031	-42.044
20350	29405	-1	401600000	26.218	-66.556	35.721	-111.345
20350	83433	-2	401600000	26.339	-66.421	19.683	-98.21
20351	69746	-2	401600000	26.589	-66.33	18.339	-104.457
20353	43369	-2	401600000	27.494	-66.089	17.454	-20.058
20354	27168	-1	401600000	28.006	-66.349	33.152	-91.16
20356	71540	-2	401600000	29.613	-66.796	24.099	-92.263
20357	39096	-1	401600000	29.975	-66.958	30.746	-70.658
20357	73654	-1	401600000	30.48	-67.05	39.701	-20.239
20358	43654	-1	401600000	30.728	-67.067	38.782	-106.683
20358	75943	-9	401600000	31.068	-65.878	30.242	-68.839
20358	78097	-1	401600000	30.802	-67.303	32.917	-56.756
20359	44706	-1	401600000	31.11	-67.247	22.457	-28.156
20359	63593	-2	401600000	31.307	-67.33	39.525	-28.319
20360	14388	-1	401600000	31.45	-67.505	22.544	-110.222
20360	29254	-2	401600000	31.566	-67.532	39.602	-107.207
20360	32550	-1	401600000	31.571	-67.66	26.649	-43.565
20360	68618	-2	401600000	31.737	-67.683	31.095	-70.592
20361	74302	-2	401600000	32.467	-67.509	41.639	-24.999
20361	74319	-9	401600000	32.214	-67.824	22.286	-113.775
20362	38190	-2	401600000	32.588	-67.564	31.06	-59.634
20362	44134	-2	401600000	32.573	-67.524	40.427	-107.735
20362	78529	-2	401600000	32.842	-67.37	34.242	-60.414
20365	30295	-2	401600000	34.364	-67.427	38.154	-85.41
20365	67173	-2	401600000	34.488	-67.502	30.375	-87.785
20366	35573	-2	401600000	34.988	-67.695	47.062	-127.592
20366	50770	-2	401600000	35.139	-67.714	27.837	-31.697
20367	18958	-2	401600000	35.441	-68.037	26.119	-22.635
20367	36632	-2	401600000	35.516	-68.146	30.906	-48.297
20367	55144	-2	401600000	35.797	-68.859	35.327	-66.613
20368	76011	-2	401600000	36.44	-68.469	41.731	-41.607
20369	8264	-1	401600000	36.613	-68.461	37.955	-61.918
20369	62695	-2	401600000	37.127	-68.405	46.076	-23.149
20369	80696	1	401600000	37.278	-68.4	35.262	-78.525
20370	29298	2	401600000	37.536	-68.467	44.2	-102.672
20371	36986	-1	401600000	38.255	-68.494	34.486	-49.924
20372	54233	-1	401600000	38.198	-67.087	36.904	-60.698
20372	72764	1	401600000	38.165	-66.982	30.15	-103.673
20372	73337	-1	401600000	38.173	-66.973	41.765	-49.036
20373	24747	1	401600000	38.005	-66.76	32.286	-40.084
20374	26896	-2	401600000	37.925	-66.349	41.481	-84.676
20374	45117	-2	401600000	37.964	-66.352	29.949	-28.04
20374	61799	1	401600000	38.046	-66.315	41.857	-47.192
20374	79770	-2	401600000	38.068	-66.956	36.818	-72.07
20375	12050	-2	401600000	37.921	-66.38	32.559	-94.572
20375	84409	-2	401600000	38.36	-66.484	29.199	-109.298
20376	32624	-2	401600000	38.398	-66.472	33.76	-43.159
20377	18812	-1	401600000	38.229	-66.66	28.975	-21.636
20378	24294	0	401600000	37.985	-66.354	37.752	-65.302
20378	76466	-2	401600000	37.779	-66.233	35.349	-75.363
20379	43729	-2	401600000	37.634	-66.082	45.063	-104.973
20379	61779	-2	401600000	37.722	-65.935	47.284	-17.669
20379	64422	-2	401600000	37.406	-66.201	36.547	-71.298
20379	80912	-1	401600000	37.789	-65.875	28.388	-110.196
20380	49282	-1	401600000	37.848	-65.705	28.811	-22.585
20380	67318	-9	401600000	37.442	-66.64	39.085	-60.651
20380	83165	2	401600000	37.898	-65.79	30.883	-99.654
20382	73903	-2	401600000	37.934	-65.676	44.453	-30.346
20383	5646	-2	401600000	37.857	-65.666	33.828	-84.935
20383	23946	-1	401600000	37.694	-65.635	30.456	-33.396
20384	26659	1	401600000	37.342	-65.188	41.568	-85.489
20384	61710	1	401600000	37.745	-64.998	41.148	-48.397
20384	79479	-2	401600000	38.028	-64.812	30.633	-100.764
20385	48492	-1	401600000	38.833	-64.234	28.682	-16.102
20385	48908	-2	401600000	38.488	-63.562	37.261	-57.061
20385	83876	-1	401600000	39.227	-64.019	48.198	-20.45
20386	39684	3	401600000	39.606	-63.454	41.82	-74.731
20387	72949	-2	401600000	39.05	-61.845	46.043	-25.351
20388	42834	-2	401600000	38.86	-61.29	46.438	-101.873
20388	77288	-2	401600000	38.641	-61.092	38.418	-62.551
20389	25595	-1	401600000	38.674	-60.291	36.942	-52.361
20389	64648	-2	401600000	38.983	-59.926	35.439	-77.148
20389	82115	-1	401600000	39.045	-59.803	31.29	-99.571
20390	31042	3	401600000	39.231	-59.545	46.388	-94.682
20390	33750	0	401600000	39.234	-59.622	34.022	-33.791
20391	1876	0	401600000	39.649	-59.28	46.673	-21.7
20391	16417	-2	401600000	39.717	-59.161	29.486	-8.187
20391	69105	-2	401600000	39.918	-59.175	46.631	-24.52
20392	37367	-9	401600000	40.064	-59.714	39.616	-57.172
20392	55259	-2	401600000	40.289	-60.255	50.386	-111.938
20393	5525	-2	401600000	40.929	-60.452	43.805	-48.989
20393	22748	-2	401600000	41.015	-60.729	34.017	-27.4
20393	41507	0	401600000	41.179	-60.628	47.477	-92.776
20393	78386	-2	401600000	41.463	-59.984	32.569	-97.283
20394	28278	-1	401600000	41.594	-59.911	43.584	-70.415
20394	46050	-2	401600000	41.576	-59.803	54.377	-129.813
20394	48010	-9	401600000	39.943	-50.393	41.499	-59.696
20394	48010	0	401600000	41.627	-59.8	32.708	-15.709
20394	61890	0	401600000	41.649	-59.655	42.604	-55.288
20394	63821	-2	401600000	41.853	-59.764	47.501	-41.401
20394	81030	0	401600000	41.612	-59.638	35.334	-92.465
20397	1135	-2	401600000	40.478	-59.334	41.748	-55.199
20397	18428	-2	401600000	40.66	-58.867	33.582	-25.879
20397	18643	-1	401600000	40.666	-58.994	33.722	-26.305
20397	20120	-2	401600000	40.674	-58.994	30.207	-7.821
20397	41716	-2	401600000	40.677	-58.958	48.59	-95.13
20397	55979	-2	401600000	40.675	-58.95	44.597	-79.23
20397	59696	-2	401600000	40.665	-58.971	44.165	-40.529
20397	73518	-2	401600000	40.676	-59.014	28.725	-117.345
20398	4291	2	401600000	40.657	-59.03	43.857	-41.887
20398	59616	-2	401600000	41.113	-58.92	46.897	-38.212
20398	60418	-2	401600000	40.521	-59.275	48.842	-16.336
20398	60418	-2	401600000	40.628	-59.148	51.317	-115.867
20398	75708	-2	401600000	40.833	-58.843	43.5	-49.579
20398	76645	-2	401600000	40.474	-59.196	35.334	-84.995
20399	9017	2	401600000	40.459	-59.229	36.657	-78.233
20399	44038	-2	401600000	40.418	-59.059	32.746	-21.445
20399	47050	-2	401600000	40.494	-59.223	30.432	-9.425
20400	84216	-2	401600000	40.627	-59.12	46.639	-29.125
20401	36672	-2	401600000	40.436	-59.267	39.137	-50.924
20401	70353	-2	401600000	40.544	-59.565	33.431	-94.929
20402	41196	-2	401600000	40.578	-59.77	45.324	-86.761
20403	21784	-2	401600000	40.671	-59.626	32.069	-20.96
20403	40583	-2	401600000	40.668	-59.843	50.296	-111.022
20404	26559	2	401600000	40.572	-59.741	46.023	-88.017
20404	27401	-9	401600000	40.571	-59.746	41.387	-63.802
20404	61614	1	401600000	40.491	-59.757	41.731	-53.497
20405	31568	-2	401600000	40.438	-59.812	36.538	-40.255
20405	50995	-1	401600000	40.46	-59.86	36.349	-39.048
20405	67997	-2	401600000	40.462	-59.976	37.727	-72.389
20405	68006	0	401600000	40.453	-59.884	37.957	-71.837
20406	250	-9	401600000	40.52	-59.89	44.39	-47.421
20406	54517	0	401600000	40.292	-60.037	52.901	5.484
20407	3851	0	401600000	40.286	-60.203	44.604	-37.43
20407	18651	-2	401600000	40.25	-60.179	33.262	-25.5
20408	4561	0	401600000	40.037	-60.335	35.997	-79.427
20408	59292	-2	401600000	40.034	-60.384	45.363	-33.578
20409	7582	-2	401600000	40.06	-60.841	39.001	-64.099
20409	65228	0	401600000	40.059	-60.831	42.566	-48.681
20410	49937	0	401600000	39.789	-61.219	33.705	-31.736
20411	54682	-2	401600000	39.612	-61.517	40.848	-67.766
20412	1522	-2	401600000	39.569	-61.62	41.31	-54.914
20412	39212	0	401600000	39.538	-61.8	46.714	-99.608
20412	57836	-2	401600000	39.504	-61.875	52.783	-131.433
20412	59456	-2	401600000	39.484	-61.872	47.563	-104.319
20412	73629	0	401600000	39.493	-61.912	45.971	-28.978
20413	27045	-2	401600000	39.512	-62.288	38.964	-59.87
20413	27045	-2	401600000	39.493	-62.098	45.185	-91.207
20413	43224	-1	401600000	39.53	-62.123	47.688	-105.125
20413	62481	-2	401600000	40.382	-60.911	41.163	-58.507
20413	62518	-1	401600000	39.442	-62.396	47.263	-24.353
20413	78685	-2	401600000	39.518	-62.491	31.93	-96.429
20414	26238	-2	401600000	39.51	-62.371	44.008	-84.916
20414	26504	0	401600000	39.533	-62.598	37.474	-53.735
20414	62486	-2	401600000	39.515	-62.771	51.943	-129.976
20415	31922	-1	401600000	39.529	-63.302	46.006	-96.168
20415	48924	0	401600000	39.502	-63.549	31.187	-23.398
20415	69498	-2	401600000	39.367	-63.659	47.113	-23.349
20417	72576	-2	401600000	37.904	-65.1	47.379	-17.535
20418	23680	-1	401600000	37.429	-65.663	29.959	-31.117
20418	24008	0	401600000	37.45	-65.868	37.073	-64.364
20418	41848	-9	401600000	37.369	-65.7	43.95	-92.424
20418	65411	-2	401600000	37.15	-65.916	34.31	-75.304
20419	8101	0	401600000	36.784	-65.328	29.049	-100.509
20419	8121	0	401600000	36.791	-65.278	29.056	-100.495
20419	46547	-1	401600000	36.79	-64.827	31.317	-38.582
20419	81496	2	401600000	37.093	-64.45	31.674	-89.858
20419	81680	-2	401600000	37.083	-64.437	26.169	-117.607
20421	14798	-1	401600000	38.144	-63.551	26.732	-118.526
20421	33604	1	401600000	38.365	-63.472	48.215	-111.485
20421	52668	-9	401600000	38.635	-63.25	34.815	-51.793
20421	68928	2	401600000	38.766	-63.273	36.284	-75.043
20421	69376	1	401600000	38.754	-63.265	28.905	-110.95
20422	20960	-2	401600000	39.206	-63.05	28.302	-10.01
20422	21455	1	401600000	39.21	-63.053	35.863	-46.66
20422	36751	-2	401600000	39.363	-62.969	37.08	-49.774
20422	42223	-1	401600000	39.438	-62.898	46.435	-98.629
20424	26228	3	401600000	41.018	-61.669	45.674	-84.829
20424	80267	-1	401600000	41.065	-61.138	36.3	-86.061
20425	47985	0	401600000	40.848	-60.599	38.801	-50.452
20425	65663	-9	401600000	40.784	-59.954	41.15	-57.68
20425	67259	0	401600000	40.836	-60.49	33.833	-94.52
20425	84986	-1	401600000	40.775	-60.368	28.387	-122.775
20426	51934	0	401600000	40.619	-60.123	38.154	-47.9
20426	71384	1	401600000	40.573	-60.1	32.524	-98.774
20426	71384	0	401600000	40.524	-60.145	48.552	-16.109
20426	71385	0	401600000	40.58	-60.058	44.444	-40.657
20427	1955	0	401600000	40.494	-59.98	40.746	-58.793
20427	23397	-1	401600000	40.531	-60.067	34.604	-32.083
20427	24327	-2	401600000	40.448	-59.956	43.065	-71.974
20427	75966	-2	401600000	40.233	-59.767	35.817	-77.565
20427	76088	2	401600000	40.252	-59.858	41.548	-53.051
20428	4952	1	401600000	40.224	-59.832	42.727	-46.789
20428	22628	1	401600000	40.118	-59.744	33.125	-27.224
20428	59011	2	401600000	40.048	-59.6	45.253	-33.42
20429	9765	1	401600000	40.03	-59.512	35.156	-83.752
20429	27987	-2	401600000	40.004	-59.563	42.008	-68.715
20430	14470	-2	401600000	39.631	-59.605	27.631	-120.144
20430	30534	-1	401600000	39.53	-59.461	34.187	-32.855
20430	83792	1	401600000	39.129	-59.133	28.171	-114.294
20430	85104	-2	401600000	39.111	-59.106	44.252	-33.766
20431	32730	1	401600000	39.049	-58.718	48.988	-107.309
20431	51231	2	401600000	39.08	-58.454	35.839	-42.974
20432	5651	-1	401600000	39.346	-58.163	40.516	-52.325
20432	21599	0	401600000	39.484	-58.035	38.042	-50.798
20432	40298	-1	401600000	39.627	-57.99	44.674	-84.989
20432	55794	2	401600000	39.764	-57.994	44.121	-79.774
20432	74561	0	401600000	39.866	-58.234	37.302	-67.644
20432	74619	-2	401600000	39.713	-58.04	41.599	-46.116
20433	4169	2	401600000	39.863	-58.195	43.138	-41.255
20433	60260	1	401600000	40.002	-58.43	48.736	-13.031
20433	60260	0	401600000	40.023	-58.411	51.37	-116.855
20434	9069	-9	401600000	40.084	-58.848	35.756	-78.206
20434	26513	-2	401600000	40.017	-58.619	45.415	-87.602
20434	43334	-1	401600000	39.743	-58.503	49.216	-109.73
20434	47019	-2	401600000	40.058	-58.447	37.225	-44.654
20434	47049	1	401600000	40.051	-58.467	30.162	-9.994
20434	61573	0	401600000	40.054	-58.513	41.089	-53.814
20434	65814	-1	401600000	40.06	-58.45	40.626	-55.701
20435	51677	2	401600000	40.167	-58.546	37.736	-46.442
20435	65461	-2	401600000	40.279	-58.475	42.401	-52.397
20435	66948	0	401600000	40.158	-58.568	32.364	-95.912
20436	1092	-9	401600000	40.332	-58.361	41.77	-53.539
20436	18968	1	401600000	40.206	-58.559	34.534	-30.662
20436	34442	1	401600000	40.231	-58.603	36.229	-38.778
20436	51585	-2	401600000	40.249	-58.63	44.195	-79.37
20437	18135	-1	401600000	40.342	-57.898	33.884	-26.844
20437	22882	-9	401600000	40.33	-58.738	33.573	-25.03
20437	24728	-9	401600000	40.352	-58.566	42.763	-72.842
20437	59257	-1	401600000	40.089	-57.835	43.51	-39.458
20437	73907	1	401600000	40.297	-58.902	44.678	-36.323
20438	3754	-2	401600000	40.48	-58.934	46.63	-36.495
20438	23889	-1	401600000	40.201	-58.932	42.072	-68.543
20438	43377	0	401600000	40.136	-58.8	50.445	-112.309
20438	59311	-9	401600000	40.213	-58.937	46.466	-36.028
20438	59327	0	401600000	40.243	-59.055	50.052	-109.266
20438	62892	1	401600000	40.211	-58.954	45.301	-33.07
20438	64743	-2	401600000	40.218	-58.962	35.851	-81.967
20438	77616	2	401600000	40.214	-59.055	33.696	-90.295
20438	78239	2	401600000	40.214	-59.065	37.654	-72.364
20439	14109	0	401600000	40.265	-59.073	28.228	-117.645
20439	29225	0	401600000	40.23	-59.114	32.868	-22.159
20439	29243	-2	401600000	40.255	-59.072	50.269	-111.829
20439	46014	-9	401600000	40.272	-59.19	28.553	-2.086
20439	62644	0	401600000	40.301	-59.148	46.858	-26.911
20440	16210	-2	401600000	40.332	-59.259	29.163	-9.416
20440	33863	-9	401600000	40.172	-58.664	40.03	-57.896
20440	35138	-1	401600000	41.472	-60.709	37.512	-37.629
20440	48451	-1	401600000	40.353	-59.391	39.381	-54.555
20440	48559	0	401600000	40.374	-59.433	39.372	-54.323
20440	67453	0	401600000	40.454	-59.393	38.405	-69.618
20440	68813	-2	401600000	40.46	-59.399	48.966	-21.567
20440	83515	2	401600000	40.457	-59.546	48.617	-19.89
20441	15853	-2	401600000	40.469	-59.556	29.597	-5.373
20441	33685	-2	401600000	40.44	-59.666	34.579	-28.409
20441	39016	-2	401600000	40.395	-59.683	44.707	-74.335
20441	55500	-2	401600000	40.44	-59.773	43.372	-74.86
20441	73191	-2	401600000	40.445	-59.857	29.579	-111.723
20441	73210	-9	401600000	40.396	-59.964	41.424	-55.828
20442	2582	-2	401600000	40.428	-59.932	39.328	-62.865
20442	21135	-2	401600000	40.42	-60.02	37.261	-47.263
20442	77557	-2	401600000	40.284	-60.222	34.28	-90.237
20443	24528	-1	401600000	40.215	-60.418	35.811	-38.702
20443	57951	-2	401600000	40.101	-60.573	53.582	-131.623
20443	59501	-2	401600000	40.07	-60.595	51.144	-3.5
20443	77509	-9	401600000	40.034	-60.745	39.419	-63.14
20444	7434	0	401600000	40.012	-60.354	38.919	-63.791
20444	26500	0	401600000	39.946	-60.165	44.859	-86.268
20444	27971	-2	401600000	39.889	-60.656	29.761	-9.815
20444	29842	-2	401600000	39.884	-60.588	43.959	-80.781
20444	45244	-1	401600000	39.842	-60.575	33.431	-29.241
20444	45259	0	401600000	39.851	-60.558	33.46	-29.26
20444	61592	0	401600000	39.793	-60.497	41.842	-52.169
20444	80596	-1	401600000	39.748	-60.448	28.831	-113.588
20445	11761	1	401600000	39.556	-60.416	31.767	-98.595
20445	29285	1	401600000	39.494	-60.285	42.596	-75.812
20445	49900	0	401600000	39.383	-60.17	33.56	-31.776
20445	67332	0	401600000	39.279	-60.016	49.908	-6.171
20445	70340	0	401600000	39.266	-60.066	33.276	-88.002
20446	34241	-2	401600000	38.963	-59.32	50.828	-119.176
20446	53995	-2	401600000	38.966	-59.014	51.326	6.899
20447	18452	1	401600000	39.19	-58.462	32.699	-26.06
20447	77648	2	401600000	39.62	-58.173	37.946	-66.73
20448	3811	0	401600000	39.709	-58.098	36.655	-72.696
20448	41407	0	401600000	40	-58.105	46.836	-94.666
20448	58733	0	401600000	40.06	-58.087	44.774	-33.528
20449	26420	0	401600000	40.131	-58.253	39.44	-54.858
20449	67188	-9	401600000	40.017	-58.414	38.172	-68.937
20449	67204	-2	401600000	40.034	-58.394	49.341	-9.33
20449	80740	3	401600000	40.048	-58.422	33.408	-91.863
20450	11036	-1	401600000	39.898	-58.686	32.834	-92.813
20450	31239	-2	401600000	39.819	-58.259	35.685	-35.768
20450	32511	-2	401600000	39.997	-58.377	33.283	-24.176
20450	48916	0	401600000	39.986	-58.341	33.379	-26.332
20450	67061	-9	401600000	39.972	-58.596	38.268	-63.745
20451	53780	1	401600000	40.026	-58.365	40.835	-62.547
20451	69387	-9	401600000	39.996	-58.494	28.01	-115.551
20451	71969	1	401600000	40.043	-58.419	47.128	-21.518
20451	71969	0	401600000	40.025	-58.354	30.571	-104.604
20452	702	1	401600000	40.066	-58.414	42.198	-48.104
20452	56258	0	401600000	40.18	-58.339	48.536	-13.77
20453	23449	2	401600000	40.146	-58.364	34.228	-32.617
20453	58849	-1	401600000	40.17	-58.333	52.45	2.859
20454	26067	2	401600000	40.271	-58.443	45.983	-87.141
20454	43661	-2	401600000	40.277	-58.466	31.661	-16.523
20454	61347	-9	401600000	40.318	-57.898	52.742	-124.836
20454	61366	-2	401600000	40.268	-58.586	41.509	-52.646
20454	64098	2	401600000	40.302	-58.557	44.082	-40.352
20454	79625	2	401600000	40.326	-58.574	35.489	-83.227
20455	31400	3	401600000	40.314	-58.738	31.495	-14.67
20455	48011	0	401600000	40.317	-58.81	32.042	-18.911
20456	33303	-2	401600000	40.311	-59.216	50.5	-110.179
20456	52731	1	401600000	40.322	-59.383	39.352	-54.561
20456	68656	3	401600000	40.318	-59.492	36.823	-76.203
20456	71054	-2	401600000	40.324	-59.5	49.576	-13.034
20457	1263	3	401600000	40.334	-59.688	48.655	-16.483
20457	18139	-2	401600000	40.333	-59.881	32.989	-23.595
20457	18324	-1	401600000	40.325	-59.877	32.986	-23.596
20457	73527	-9	401600000	40.26	-60.415	40.954	-57.629
20458	58486	-2	401600000	40.341	-61.078	45.709	-31.57
20458	61018	0	401600000	40.318	-61	49.023	-15.676
20459	7411	-1	401600000	40.366	-61.106	32.576	-97.486
20459	25518	2	401600000	40.393	-61.339	36.968	-44.465
20459	43839	-1	401600000	40.448	-61.543	49.317	-110.548
20459	64083	0	401600000	40.46	-61.633	38.148	-73.364
20460	30737	1	401600000	40.631	-61.828	45.486	-85.743
20460	83192	-1	401600000	40.805	-62.055	31.569	-107.507
20460	86288	-2	401600000	40.757	-62.052	46.608	-39.913
20461	32755	3	401600000	40.882	-62.023	37.749	-45.971
20461	51980	1	401600000	40.972	-62.045	37.583	-44.786
20461	69842	0	401600000	41.097	-62.068	52.606	-0.766
20461	71177	1	401600000	41.099	-62.036	34.436	-94.459
20462	37191	-2	401600000	41.299	-61.985	45.045	-81.253
20462	55519	0	401600000	41.413	-62.007	49.97	-106.865
20462	56836	-2	401600000	41.362	-61.967	44.529	-80.517
20462	73972	-1	401600000	41.52	-62.667	45.993	-37.851
20463	22406	-1	401600000	41.533	-61.787	32.962	-21.798
20463	61686	-9	401600000	41.556	-61.712	42.814	-55.142
20463	78894	-1	401600000	41.595	-61.575	38.987	-74.764
20465	31257	-2	401600000	41.881	-61.31	54.154	-126.817
20465	47232	-2	401600000	41.846	-61.235	37.794	-39.945
20465	66535	1	401600000	41.863	-61.159	35.516	-93.486
20465	68054	-2	401600000	41.917	-61.101	39.585	-74.651
20466	18435	-2	401600000	41.826	-60.985	33.478	-25.116
20466	50701	-9	401600000	41.739	-61.05	35.03	-37.041
20466	72062	1	401600000	41.783	-60.785	44.567	-46.672
20467	38426	-1	401600000	41.69	-60.331	43.091	-67.763
20467	55324	-9	401600000	41.712	-60.434	45.565	-73.057
20467	73214	-1	401600000	41.61	-60.308	47.286	-30.879
20467	73214	0	401600000	41.535	-60.47	30.914	-110.09
20468	3922	1	401600000	41.618	-60.255	45.551	-39.378
20468	25398	-1	401600000	41.801	-60.523	38.138	-41.957
20468	58884	0	401600000	41.517	-59.918	47.116	-31.915
20468	60161	0	401600000	41.507	-59.926	51.689	-113.138
20468	60193	0	401600000	41.511	-59.945	51.072	-9.679
20468	77994	-9	401600000	41.586	-60.313	39.186	-68.386
20469	8915	-1	401600000	41.409	-59.611	38.077	-76.211
20469	63879	0	401600000	41.293	-59.545	38.24	-75.577
20470	13313	-2	401600000	41.132	-59.571	30.66	-112.854
20470	29659	0	401600000	41.09	-59.685	45.27	-80.013
20470	33919	-1	401600000	41.076	-59.689	36.141	-35.103
20471	35846	-2	401600000	40.763	-60.034	43.255	-72.777
20471	68979	-1	401600000	40.722	-60.091	30.08	-112.64
20471	70206	-1	401600000	40.72	-60.098	34.936	-88.267
20472	20796	-9	401600000	40.641	-60.328	36.078	-45.092
20472	22420	0	401600000	40.704	-60.221	32.692	-20.999
20472	36937	-9	401600000	40.614	-60.288	40.107	-58.371
20472	54527	-9	401600000	40.629	-60.439	42.592	-67.656
20473	41808	1	401600000	40.675	-60.803	47.142	-95.506
20474	26662	-9	401600000	40.83	-60.875	38.849	-55.378
20474	31853	-2	401600000	40.85	-60.828	54.158	-132.914
20475	33005	-1	401600000	40.9	-60.61	34.156	-25.506
20475	35949	-2	401600000	40.88	-60.603	43.237	-72.698
20475	66423	0	401600000	40.845	-60.401	34.385	-93.068
20476	37570	-1	401600000	40.714	-60.151	41.116	-62.263
20476	50541	-2	401600000	40.677	-60.122	42.628	-69.74
20476	69432	0	401600000	40.676	-60.003	47.857	-23.744
20476	73072	-1	401600000	40.638	-60.06	30.396	-107.386
20477	23919	-2	401600000	40.556	-60.07	42.688	-69.453
20477	54159	-2	401600000	40.298	-59.457	40.834	-62.721
20477	55757	-1	401600000	40.248	-60.006	50.455	-112.017
20477	55840	1	401600000	40.331	-59.947	50.399	-112.017
20478	4648	1	401600000	40.182	-60.018	36.622	-76.848
20478	58968	0	401600000	40.351	-59.668	46.699	-32.502
20478	59358	1	401600000	39.943	-60.019	51.424	-0.777
20479	28843	-1	401600000	39.878	-59.731	49.646	-109.638
20479	45023	-1	401600000	39.733	-59.982	52.108	-125.402
20479	63898	-2	401600000	39.737	-59.608	36.876	-74.148
20479	64712	1	401600000	39.746	-59.571	42.99	-43.775
20480	11536	-1	401600000	39.687	-59.334	31.877	-98.49
20480	31539	-1	401600000	39.682	-59.042	31.536	-19.436
20480	53561	-2	401600000	39.691	-58.856	46.784	-94.467
20480	69554	-2	401600000	39.662	-58.838	46.91	-26.902
20481	36199	0	401600000	39.695	-58.509	38.931	-54.993
20481	57006	-2	401600000	39.748	-58.531	48.031	-18.041
20481	68946	-2	401600000	39.771	-58.39	28.735	-113.208
20481	68997	-1	401600000	39.29	-59.115	35.004	-80.945
20482	2869	-1	401600000	39.751	-58.258	45.012	-30.603
20482	20971	1	401600000	39.766	-58.149	37.735	-48.282
20482	56489	-2	401600000	39.842	-57.957	49.304	-14.63
20482	76040	-2	401600000	40.125	-57.667	40.934	-55.198
20483	61294	-9	401600000	40.141	-58.496	40.474	-56.397
20483	77077	0	401600000	40.26	-57.459	34.434	-85.924
20484	25863	1	401600000	40.352	-57.421	46.096	-86.472
20484	26162	1	401600000	40.353	-57.416	39.308	-52.281
20485	30802	-2	401600000	40.768	-57.222	31.735	-10.878
20485	66314	-2	401600000	40.976	-56.876	40.019	-62.011
20486	18778	-2	401600000	40.867	-56.756	35.44	-29.103
20486	34966	-2	401600000	40.973	-56.925	38.246	-46.172
20487	3576	-2	401600000	41.259	-56.849	38.028	-72.616
20487	18271	-2	401600000	41.232	-56.741	34.881	-23.877
20487	39609	0	401600000	41.468	-56.852	46.68	-83.609
20487	74681	-1	401600000	41.588	-56.997	43.672	-46.314
20488	23362	1	401600000	41.721	-57.192	43.589	-66.622
20488	23411	-9	401600000	41.723	-57.196	35.992	-29.463
20488	40645	-1	401600000	41.756	-57.288	51.937	-113.099
20489	46516	-1	401600000	41.746	-57.941	37.797	-38.416
20490	29420	-2	401600000	41.544	-58.151	30.388	-0.771
20490	47808	-1	401600000	41.453	-58.25	33.056	-17.639
20491	2254	-2	401600000	41.272	-58.178	46.7	-28.677
20491	33266	-1	401600000	41.214	-58.154	50.961	-108.01
20491	34043	-9	401600000	41.21	-58.141	37.188	-36.897
20491	51094	-2	401600000	41.149	-58.089	44.268	-73.516
20491	52316	-2	401600000	41.157	-57.98	39.375	-52.705
20492	20279	-2	401600000	41.01	-57.977	30.043	-6.573
20492	21136	1	401600000	40.99	-58.037	38.855	-47.181
20492	38310	-2	401600000	40.975	-58.018	45.102	-71.5
20492	56988	0	401600000	40.897	-58.009	47.425	-91.452
20492	73629	-1	401600000	40.892	-58.007	45.185	-36.027
20493	5870	-9	401600000	40.84	-58.123	41.721	-53.998
20493	61702	-9	401600000	40.591	-58.494	41.149	-55.942
20494	10195	-2	401600000	40.687	-58.149	34.288	-90.227
20494	26010	-2	401600000	40.665	-58.042	45.66	-84.901
20495	31055	-2	401600000	40.526	-58.147	53.764	-129.554
20495	34236	-2	401600000	40.431	-57.985	36.618	-40
20495	65233	-2	401600000	40.36	-58.056	52.638	7.784
20495	65271	-2	401600000	40.433	-57.938	41.221	-53.022
20495	66644	0	401600000	40.386	-57.875	32.989	-93.36
20495	69247	-1	401600000	40.528	-58.097	50.931	-1.575
20496	1930	-2	401600000	40.337	-57.993	48.641	-22.956
20496	18351	-2	401600000	40.391	-57.858	34.208	-28
20496	18391	-1	401600000	40.402	-57.916	34.285	-28.526
20496	53702	-2	401600000	40.403	-57.962	52.596	7.411
20497	37592	1	401600000	40.325	-57.554	41.91	-65.688
20497	56647	-2	401600000	40.207	-57.533	45.006	-84.086
20497	58276	-1	401600000	40.273	-57.398	52.826	6.974
20498	4780	0	401600000	40.08	-57.11	42.036	-46.992
20498	7118	-2	401600000	40.06	-57.074	31.388	-99.034
20498	22147	-2	401600000	40.028	-56.989	32.32	-22.204
20498	58367	-1	401600000	40.18	-56.217	44.628	-33.165
20498	76573	0	401600000	40.124	-56.23	38.675	-65.731
20499	27532	-2	401600000	40.772	-55.661	42.926	-65.079
20499	28787	-2	401600000	40.64	-55.431	51.307	-112.001
20499	47332	-1	401600000	40.638	-55.905	32.74	-17.382
20499	62954	1	401600000	40.688	-55.243	45.371	-32.522
20499	64223	0	401600000	40.614	-54.993	34.151	-78.7
20500	32735	-2	401600000	40.762	-54.963	51.896	-107.362
20500	50102	-2	401600000	40.588	-54.595	43.542	-69.242
20500	68467	0	401600000	40.621	-54.642	34.601	-76.63
20501	15262	-2	401600000	40.301	-54.051	30.738	-7.042
20501	38133	-2	401600000	40.388	-52.971	43.541	-71.715
20501	51172	-2	401600000	40.582	-54.48	38.658	-42.767
20501	72961	-2	401600000	39.878	-53.324	44.718	-35.536
20502	4064	-2	401600000	39.83	-52.846	34.544	-78.213
20502	25824	-2	401600000	40.296	-54.357	39.527	-50.159
20502	26825	-2	401600000	39.818	-52.595	48.962	-100.225
20502	55507	-2	401600000	39.949	-52.146	45.824	-82.747
20502	56385	-2	401600000	39.666	-52.37	48.201	-19.524
20503	40873	-1	401600000	40.312	-51.962	49.422	-98.632
20503	59858	-2	401600000	40.408	-51.915	47.936	-13.481
20504	80374	-2	401600000	40.153	-51.846	31.466	-96.2
20505	29379	-2	401600000	40.122	-51.735	46.75	-83.384
20505	31954	-1	401600000	40.122	-51.744	35.487	-28.901
20505	86028	-1	401600000	40.061	-51.635	47.463	-11.747
20506	56178	-2	401600000	40.379	-51.24	47	-86.693
20506	71227	0	401600000	40.461	-51.32	44.937	-26.917
20507	36599	-2	401600000	40.611	-51.043	47.249	-85.475
20507	54754	-2	401600000	40.623	-51.09	45.365	-75.787
20507	59231	-2	401600000	40.897	-50.356	42.463	-44.492
20507	76481	-2	401600000	40.803	-51.414	36.299	-64.419
20508	23188	-1	401600000	40.628	-50.971	44.745	-71.84
20508	43871	-2	401600000	40.573	-51.069	34.784	-23.079
20509	7731	-2	401600000	40.212	-51.302	35.494	-75
20509	49057	-2	401600000	40.082	-50.933	42.934	-64.993
20509	64036	0	401600000	40.017	-50.684	33.958	-79.756
20510	15954	-1	401600000	40.004	-50.295	32.862	-15.255
20510	31018	0	401600000	40.027	-50.173	34.33	-21.277
20510	50720	-2	401600000	39.912	-49.846	38.997	-44.41
20510	85354	-2	401600000	39.678	-49.763	47.914	-6.394
20511	2998	-2	401600000	39.627	-49.769	34.934	-72.458
20511	21169	-2	401600000	39.336	-49.578	41.452	-58.332
20511	35556	-2	401600000	39.222	-49.517	40.761	-58.223
20511	71430	-9	401600000	38.618	-50.612	39.123	-48.173
20513	1993	-1	401600000	38.514	-47.222	41.123	-33.717
20514	25372	-2	401600000	37.979	-46.896	47.743	-95.332
20520	19095	2	401600000	34.69	-46.154	26.455	-8.901
20520	21794	1	401600000	34.707	-46.151	39.61	-69.574
20520	25099	3	401600000	34.715	-46.125	37.018	-56.86
20537	64572	-2	401600000	32.861	-42.251	22.573	-91.79
20537	69352	-2	401600000	32.838	-42.241	38.592	-14.329
20544	86283	1	401600000	33.136	-41.671	37.597	-19.413
20545	5935	1	401600000	33.134	-41.678	27.857	-67.18
20545	20035	1	401600000	33.178	-41.685	28.171	-18.053
20545	45436	-2	401600000	33.203	-41.865	33.925	-45.297
20545	50519	0	401600000	33.194	-41.737	35.836	-54.979
20545	53991	-2	401600000	33.332	-41.68	41.696	-7.443
20545	60675	0	401600000	33.22	-41.795	37.152	-22.756
20545	84895	-2	401600000	33.326	-41.762	39.94	-8.421
20546	5883	-2	401600000	33.323	-41.787	21.429	-98.12
20571	20873	-2	401600000	34.739	-42.312	39.32	-64.933
20571	28157	-2	401600000	34.735	-42.314	28.118	-9.513
20571	34325	-1	401600000	34.738	-42.061	37.732	-57.519
20571	50449	-1	401600000	34.734	-42.305	37.391	-55.286
20571	60833	-2	401600000	34.718	-42.232	38.927	-21.989
20673	59565	0	401600000	44.524	-45.812	42.352	-57.102
20673	62061	1	401600000	44.518	-45.791	47.589	-29.987
20673	71725	-9	401600000	46.608	12.52	25.014	-105.61
20674	8285	-1	401600000	44.486	-45.547	36.134	-88.911
20674	30969	-1	401600000	44.485	-45.384	41.186	-28.449
20674	32029	-2	401600000	44.49	-45.358	55.605	-99.719
20674	35185	-2	401600000	44.486	-45.341	50.032	-74.278
20674	67509	-2	401600000	44.476	-45.15	38.965	-72.422
20675	29441	-2	401600000	44.668	-44.793	39.118	-17.122
20697	71974	-2	401600000	45.496	-44.178	42.683	-58.695
20697	75244	-2	401600000	45.513	-44.116	40.474	-70.526
20698	5322	3	401600000	45.478	-44.153	41.099	-66.233
20698	15193	-2	401600000	45.487	-44.053	39.513	-13.304
20747	21271	-1	401660006.6	37.183	-42.007	42.456	-69.079
20756	68870	-2	401660006.6	37.224	-41.533	41.485	-19.807
20762	576	-2	401660006.6	36.663	-40.500	38.603	-30.481
20771	85175	-2	401660006.6	33.883	-41.216	39.330	-13.805
20772	58801	-2	401660006.6	33.374	-41.464	31.547	-50.261
20778	2320	-1	401660052.1	31.067	-41.160	30.917	-41.892
20781	18707	0	401660028.7	30.681	-40.031	33.056	-51.893
20808	63650	-9	401660385.9	27.686	-46.973	31.694	-28.360
20825	56170	-1	401660018.8	20.402	-34.662	21.547	-29.707
20825	71840	-1	401660008.5	20.350	-34.647	17.800	-46.569
20829	53545	-2	401660018.8	19.517	-33.745	24.608	-10.303
20829	66102	-1	401660045.9	19.420	-33.773	26.244	-1.268
20833	57015	-1	401660027.7	18.328	-33.787	17.332	-38.295
20833	85344	-2	401660018.8	18.306	-33.687	18.932	-30.913
20838	71257	-2	401660018.8	17.102	-32.811	14.990	-42.547
20841	73148	-2	401660018.8	16.343	-32.265	10.878	-56.865
20842	23679	-2	401660018.8	16.273	-32.198	19.965	-48.405
20849	84804	-2	401660018.8	15.391	-30.649	18.596	-16.720

