49802							
tu22_9444_05							
20294	25830	3	401600000	5.745	-53.946	10.464	-74.203
20294	61710	0	401600000	5.733	-53.974	8.053	-43.831
20297	69392	1	401600000	7.375	-53.525	14.255	-22.822
20297	69452	-9	401600000	-26.289	-54.033	-29.391	-68.892
20298	19417	0	401600000	8.76	-55.12	5.795	-45.083
20298	54696	-1	401600000	7.946	-53.846	14.717	-84.152
20299	58637	0	401600000	8.672	-54.21	16.231	-20.596
20299	83538	-2	401600000	8.864	-54.225	17.086	-20.274
20300	27338	0	401600000	9.029	-54.032	16.947	-87.75
20301	47646	-9	401600000	39.368	5.198	61.458	-122.387
20302	33479	-2	401600000	10.077	-52.892	7.725	-44.635
20303	622	-2	401600000	9.859	-53.216	10.557	-50.197
20303	38411	-1	401600000	9.928	-53.14	16.185	-81.715
20303	78142	-2	401600000	10.098	-53.069	8.443	-60.578
20304	21858	-2	401600000	10.054	-53.406	12.877	-64.166
20304	76860	0	401600000	10.562	-53.073	11.391	-49.338
20305	44364	-2	401600000	11.002	-53.394	9.975	-48.837
20305	61422	-2	401600000	11.396	-52.724	14.179	-43.311
20305	64264	1	401600000	11.026	-53.045	13.47	-42.408
20306	34225	-1	401600000	11.308	-53.217	9.921	-46.857
20306	34243	-2	401600000	11.379	-53.251	17.862	-81.718
20306	49639	-2	401600000	11.235	-52.909	9.183	-43.819
20306	83626	-9	401600000	11.58	-53.074	18.148	-25.594
20307	19293	-2	401600000	12.183	-51.955	11.201	-48.976
20307	72628	1	401600000	12.131	-53.229	20.451	-15.794
20307	72689	-2	401600000	12.107	-53.168	12.653	-50.706
20308	1546	0	401600000	12.179	-53.235	20.994	-13.045
20309	24605	0	401600000	12.61	-53.373	20.04	-86.937
20309	27221	-1	401600000	12.602	-53.414	19.785	-84.513
20309	29522	-2	401600000	12.658	-53.248	3.199	-11.243
20309	75886	-1	401600000	12.816	-53.443	7.935	-75.102
20309	75886	0	401600000	12.818	-53.475	15.543	-41.029
20310	80327	-2	401600000	13.225	-53.486	7.781	-78.287
20311	351	-1	401600000	13.286	-53.301	14.027	-50.056
20311	32911	-2	401600000	13.552	-53.507	10	-36.771
20311	66200	0	401600000	13.754	-53.593	12.639	-58.113
20313	18759	-2	401600000	14.481	-53.856	5.075	-13.185
20313	21999	-2	401600000	14.575	-53.812	17.331	-66.242
20314	4197	-2	401600000	14.956	-54.002	9.082	-79.745
20314	43428	1	401600000	15.128	-54.022	11.603	-38.937
20315	33318	0	401600000	15.529	-53.998	12.072	-38.119
20315	49104	0	401600000	15.632	-53.95	12.062	-37.949
20316	32073	-9	401600000	16.074	-54.137	9.792	-27.076
20316	66299	-2	401600000	16.199	-53.928	8.811	-86.473
20317	52107	1	401600000	16.721	-53.921	18.842	-63.535
20318	25037	0	401600000	17.058	-53.836	24.728	-89.196
20319	4852	-9	401600000	17.339	-54.037	21.447	-38.976
20319	85836	-2	401600000	17.938	-53.757	20.111	-44.003
20320	25491	-1	401600000	18.138	-54.01	21.415	-68.375
20320	44591	-9	401600000	18.314	-53.723	16.423	-47.789
20321	65519	0	401600000	18.829	-54.134	19.232	-52.374
20321	65718	-2	401600000	18.65	-54.555	19.244	-52.821
20321	84583	-1	401600000	18.938	-54.113	24.017	-31.691
20322	51045	-2	401600000	18.416	-52.559	19.605	-56.167
20323	4701	-9	401600000	19.355	-53.975	21.963	-42.887
20323	22128	0	401600000	19.561	-53.993	21.577	-63.442
20323	39374	-2	401600000	19.776	-54.078	27.873	-87.776
20323	73223	-9	401600000	19.771	-54.368	19.52	-55.519
20324	61421	-9	401600000	20.225	-54.63	21.46	-49.163
20324	82344	-1	401600000	20.428	-54.171	29.561	-13.661
20325	28087	-2	401600000	20.38	-53.915	27.728	-87.447
20325	30899	0	401600000	20.418	-53.882	12.728	-18.376
20325	61492	-9	401600000	19.388	-55.192	22.692	-44.813
20325	62596	3	401600000	20.553	-53.882	25.603	-31.107
20327	19187	0	401600000	21.25	-53.99	18.928	-43.51
20327	50735	-1	401600000	21.344	-53.836	20.052	-47.447
20327	74520	-2	401600000	21.436	-54.242	26.968	-33.534
20328	38672	-1	401600000	21.671	-53.964	27.05	-79.838
20328	54982	-2	401600000	21.877	-53.995	28.177	-84.122
20330	7859	0	401600000	22.419	-53.843	19.113	-64.383
20330	63935	-2	401600000	22.747	-54.109	19.276	-70.098
20330	65073	-1	401600000	22.75	-54.094	23.153	-52.264
20331	29968	0	401600000	22.938	-54.132	33.131	-100.879
20331	64949	-9	401600000	23.531	-53.824	25.406	-48.724
20332	4570	-1	401600000	23.149	-54.113	25.723	-41.795
20332	32972	-1	401600000	23.239	-53.999	18.917	-33.557
20332	79309	-2	401600000	23.468	-53.813	18.934	-73.156
20333	1871	-2	401600000	23.486	-53.92	21.64	-62.036
20333	21769	2	401600000	23.552	-53.904	25.195	-61.564
20333	81303	0	401600000	23.773	-53.834	33.641	-7.717
20334	7873	-1	401600000	23.84	-53.926	20.776	-68.291
20334	22014	2	401600000	23.912	-53.973	19.829	-35.567
20335	27400	-1	401600000	24.316	-53.963	29.509	-78.092
20335	28598	-2	401600000	24.331	-53.972	12.898	1.167
20335	45065	-9	401600000	24.448	-54.092	22.85	-47.633
20335	61330	-2	401600000	24.377	-54.399	26.166	-46.714
20335	62069	-2	401600000	24.545	-54.008	30.933	-26.513
20336	11338	-2	401600000	24.743	-53.943	16.163	-94.997
20336	31913	-2	401600000	24.796	-53.814	25.271	-56.049
20336	32959	-2	401600000	24.816	-53.872	20.646	-35.044
20337	71912	0	401600000	25.203	-53.794	32.741	-16.604
20338	8645	-2	401600000	25.447	-53.835	21.294	-73.243
20338	18675	1	401600000	25.457	-53.884	21.596	-36.227
20338	19047	-9	401600000	25.467	-53.888	16.432	-12.356
20339	65518	-9	401600000	24.769	-56.58	27.063	-50.68
20340	29506	-1	401600000	26.138	-54.45	35.635	-97.351
20340	33075	-9	401600000	26.369	-54.12	21.099	-36.069
20340	47481	-1	401600000	26.183	-54.532	28.228	-63.97
20340	79436	-9	401600000	25.826	-55.071	21.034	-77.768
20341	36390	-2	401600000	26.43	-54.872	33.85	-90.905
20341	57572	-2	401600000	26.646	-54.765	34.261	-18.004
20341	70054	-2	401600000	26.775	-54.653	18.257	-89.848
20342	15942	-2	401600000	26.773	-54.728	17.66	-14.594
20342	34699	0	401600000	26.762	-54.719	32.029	-79.396
20342	54074	0	401600000	26.993	-54.205	30.328	-71.436
20343	7814	1	401600000	27.117	-54.975	24.738	-66.006
20343	56428	-2	401600000	27.362	-55.049	36.812	-8.633
20344	66467	-2	401600000	27.825	-55.519	38.618	-1.884
20345	61488	0	401600000	27.799	-56.324	30.464	-47.476
20346	30716	0	401600000	28.327	-55.926	19.333	-14.484
20346	48343	-1	401600000	28.312	-55.977	21.964	-25.695
20346	66316	-2	401600000	28.053	-56.606	21.032	-89.339
20346	66336	-1	401600000	28.44	-56.094	27.467	-60.549
20346	66336	-1	401600000	28.361	-55.819	20.976	-90.483
20347	8064	-2	401600000	28.573	-56.038	25.724	-70.128
20348	922	1	401600000	28.908	-56.32	38.136	-11.089
20348	18721	-2	401600000	29.032	-56.383	23.856	-31.998
20348	57332	-1	401600000	29.17	-56.527	38.069	-98.654
20349	5662	2	401600000	29.285	-56.727	31.173	-47.801
20349	23375	-1	401600000	29.388	-56.84	26.018	-43.001
20349	58567	1	401600000	29.507	-56.964	35.625	-26.956
20349	78830	-1	401600000	29.609	-57.025	26.619	-71.617
20350	63527	-1	401600000	29.993	-57.28	33.931	-38.258
20351	29503	-2	401600000	30.185	-57.444	18.678	-2.46
20351	33355	-2	401600000	30.578	-58.126	31.717	-62.532
20351	47473	-2	401600000	30.285	-57.651	21.683	-16.287
20351	85583	-2	401600000	30.62	-57.527	34.227	-40.602
20352	1506	-2	401600000	30.594	-57.798	39.183	-14.652
20352	16307	-2	401600000	30.539	-58.04	20.559	-10.615
20352	34190	-1	401600000	30.791	-57.842	26.498	-39.201
20352	51954	1	401600000	30.746	-57.977	29.593	-52.5
20352	69012	-2	401600000	30.857	-58.031	20.268	-108.763
20353	20636	-1	401600000	30.979	-58.19	22.181	-18.596
20353	21618	1	401600000	30.98	-58.202	29.953	-53.329
20353	56298	-2	401600000	31.166	-58.503	41.419	-7.003
20353	73381	-2	401600000	31.357	-58.569	37.61	-26.176
20355	9208	3	401600000	31.869	-59.351	28.312	-76.753
20355	26116	-1	401600000	31.957	-59.57	38.486	-90.549
20355	27659	-2	401600000	31.99	-59.587	22.586	-14.122
20355	61455	-2	401600000	32.418	-59.564	35.714	-46.684
20356	30410	-2	401600000	32.531	-59.693	40.159	-94.665
20356	66719	-1	401600000	32.746	-60.142	26.594	-88.552
20357	32933	0	401600000	32.783	-60.3	25.809	-27.52
20357	50992	-1	401600000	32.923	-60.396	28.882	-42.328
20357	73714	-2	401600000	33.006	-60.384	39.44	-27.68
20358	574	2	401600000	33.02	-60.436	35.19	-50.027
20358	23290	-9	401600000	33.038	-60.649	27.706	-35.646
20358	24478	-1	401600000	33.075	-60.631	35.807	-73.839
20358	55615	3	401600000	33.199	-60.705	36.904	-78.673
20359	27460	-2	401600000	33.422	-60.776	22.849	-11.997
20359	58765	1	401600000	33.591	-60.98	40.712	-25.454
20360	62788	2	401600000	33.894	-61.47	40.63	-29.168
20360	81476	-2	401600000	34.031	-61.559	28.514	-89.065
20361	30498	0	401600000	34.301	-61.723	28.896	-36.204
20361	69575	-2	401600000	34.593	-62.072	24.392	-111.631
20361	84110	-1	401600000	34.681	-61.902	42.44	-25.062
20362	15821	-2	401600000	34.796	-61.912	22.829	-4.02
20362	32543	-2	401600000	34.856	-61.993	43.982	-107.276
20362	69062	2	401600000	35.093	-62.207	25.694	-107.062
20362	69788	2	401600000	35.098	-62.214	42.122	-26.394
20363	4471	1	401600000	35.19	-62.242	40.398	-36.617
20363	21547	1	401600000	35.259	-62.31	32.135	-47.086
20363	74416	-9	401600000	35.574	-62.176	35.417	-63.044
20364	8737	0	401600000	35.7	-62.322	33.644	-73.848
20364	26545	0	401600000	35.619	-62.418	41.388	-90.64
20364	66473	-9	401600000	35.8	-63.228	38.346	-56.441
20365	26159	1	401600000	35.936	-62.962	40.352	-84.39
20365	61389	0	401600000	36.075	-63.275	40.09	-43.796
20365	65574	-2	401600000	36.099	-63.265	39.226	-49.854
20365	80320	1	401600000	36.128	-63.417	32.732	-79.859
20366	12241	1	401600000	36.189	-63.575	29.176	-98.466
20366	29147	-2	401600000	36.28	-63.737	27.452	-21.269
20366	29577	3	401600000	36.28	-63.718	40.261	-82.502
20366	66733	1	401600000	36.517	-63.88	31.636	-87.074
20366	86105	-2	401600000	36.61	-63.935	41.172	-41.58
20367	33689	-2	401600000	36.727	-64.078	35.242	-56.471
20367	70034	0	401600000	37.017	-64.401	32.582	-85.418
20367	71362	-2	401600000	36.95	-64.424	47.37	-8.741
20368	18467	-1	401600000	37.347	-64.531	28.31	-19.935
20368	72847	3	401600000	38.19	-64.839	40.963	-50.626
20369	4097	-2	401600000	38.517	-64.908	36.138	-77.648
20369	23365	-9	401600000	38.888	-64.383	37.582	-60.751
20369	58148	-2	401600000	39.567	-64.782	46.331	-92.21
20369	77554	-1	401600000	39.565	-64.528	34.956	-87.568
20370	26919	1	401600000	39.821	-64.499	38.356	-57.363
20370	44212	-1	401600000	39.97	-64.587	49.137	-111.872
20370	62039	2	401600000	40.092	-64.473	48.452	-23.005
20370	79393	-2	401600000	40.206	-64.461	38.595	-72.493
20371	11746	-1	401600000	40.326	-64.631	34.648	-92.382
20371	31059	-2	401600000	40.427	-64.659	28.687	-4.234
20372	1840	-2	401600000	40.554	-65.067	41.364	-60.298
20372	70713	-2	401600000	40.528	-65.438	52.529	-1.651
20372	72886	-1	401600000	40.468	-65.428	31.753	-105.918
20373	2650	-2	401600000	40.429	-65.424	48.428	-23.048
20374	7150	-2	401600000	40.298	-65.664	41.224	-59.906
20374	41563	-2	401600000	40.376	-65.956	49.306	-113.344
20374	57878	0	401600000	40.596	-66.007	44.255	-85.626
20375	26045	2	401600000	40.855	-66.544	43.105	-77.879
20375	44329	0	401600000	40.893	-66.64	31.175	-19.782
20375	62118	0	401600000	41.045	-66.82	51.514	-121.847
20376	49204	-2	401600000	40.956	-67.422	38.119	-59.205
20376	67082	-2	401600000	41.138	-67.247	34.647	-87.797
20376	83042	-2	401600000	40.919	-67.141	33.673	-98.94
20377	33988	1	401600000	40.792	-66.989	49.766	-111.237
20377	34407	0	401600000	40.793	-66.968	33.221	-29.793
20377	53329	-1	401600000	40.827	-67.268	37.774	-52.107
20377	54685	-2	401600000	40.841	-66.89	47.963	-102.322
20378	57828	-9	401600000	40.733	-67.151	45.528	-86.993
20378	59202	-1	401600000	40.713	-67.17	47.989	-28.477
20379	43659	0	401600000	40.72	-67.47	47.592	-101.151
20379	59133	-9	401600000	40.925	-67.3	50.079	-25.703
20379	59152	-2	401600000	40.786	-67.503	54.269	-138.416
20379	61775	0	401600000	40.761	-67.47	50.289	-18.261
20379	78182	-9	401600000	40.748	-67.481	41.191	-64.468
20380	8127	-2	401600000	40.728	-67.605	33.15	-103.793
20380	26312	-2	401600000	40.73	-67.56	36.674	-45.861
20380	29312	-2	401600000	40.712	-67.589	46.878	-100.499
20380	46367	-1	401600000	40.701	-67.626	33.998	-36.151
20380	79434	-2	401600000	40.624	-67.614	34.229	-99.145
20381	31066	-2	401600000	40.621	-67.649	45.308	-87.431
20381	47820	-1	401600000	40.599	-67.738	28.266	-8.536
20381	66434	-1	401600000	40.521	-67.878	43.154	-54.833
20382	14700	-1	401600000	40.322	-67.762	31.124	-112.108
20382	33499	-2	401600000	40.41	-68.041	31.033	-20.068
20382	33724	-2	401600000	40.393	-68.072	53.764	-139.963
20382	52853	1	401600000	40.366	-68.248	35.728	-44.424
20382	69360	-1	401600000	40.361	-68.358	33.122	-103.258
20383	37967	-1	401600000	40.164	-68.659	37.671	-56.066
20383	39748	-2	401600000	40.309	-68.741	47.539	-98.311
20383	57570	-9	401600000	39.943	-69.052	41.687	-79.946
20383	72866	1	401600000	40.018	-68.81	49.894	-16.968
20384	4779	2	401600000	39.981	-68.917	38.295	-77.329
20384	4887	-2	401600000	39.981	-68.918	38.255	-77.317
20384	5827	-1	401600000	39.984	-68.914	45.299	-42.215
20384	23442	-2	401600000	39.954	-69.099	30.628	-23.588
20384	43348	-2	401600000	39.867	-69.108	27.816	-10.511
20384	61820	-2	401600000	39.89	-69.222	48.988	-117.422
20384	77500	2	401600000	39.84	-69.354	43.097	-53.027
20385	25742	-9	401600000	39.794	-69.654	41.114	-74.207
20385	28864	-2	401600000	39.642	-69.364	38.942	-65.122
20385	61504	-1	401600000	39.713	-70.019	45.849	-39.148
20386	66850	-9	401600000	39.958	-70.776	36.963	-83.519
20386	83078	-2	401600000	39.866	-70.889	51.904	-8.845
20387	98	-2	401600000	39.828	-70.955	29.459	-124.011
20387	18717	-1	401600000	39.932	-71.092	28.798	-16.972
20387	33264	-2	401600000	39.945	-71.253	45.82	-100.646
20387	51748	2	401600000	39.874	-71.206	32.486	-34.98
20387	69041	-2	401600000	39.787	-71.294	50.782	-12.617
20388	1762	-2	401600000	39.677	-71.389	43.956	-50.287
20388	38524	-1	401600000	39.663	-71.453	53.396	-144.171
20388	38544	-1	401600000	39.517	-71.396	42.796	-87.77
20388	73451	-2	401600000	39.31	-71.637	43.882	-48.267
20388	73596	1	401600000	39.311	-71.646	31.854	-107.499
20389	6973	2	401600000	39.21	-71.662	35.207	-91.179
20389	7060	-2	401600000	39.207	-71.659	35.156	-91.176
20389	23833	0	401600000	39.101	-71.632	35.845	-55.16
20389	41086	-2	401600000	38.984	-71.596	41.796	-79.551
20389	58841	-1	401600000	38.876	-71.71	49.31	-18.529
20389	76265	-1	401600000	38.777	-71.761	44.416	-41.699
20389	77899	-9	401600000	38.763	-71.765	36.384	-83.607
20390	9282	-2	401600000	38.652	-71.675	39.137	-69.172
20390	25390	-9	401600000	38.609	-71.754	31.39	-36.398
20390	44710	-2	401600000	38.47	-71.643	27.618	-19.575
20390	81030	-2	401600000	38.246	-71.848	36.591	-78.146
20390	82591	-2	401600000	38.223	-71.774	28.607	-119.316
20391	30314	-1	401600000	38.017	-71.9	39.577	-79.127
20391	52270	-1	401600000	37.87	-71.976	31.283	-39.725
20391	65787	0	401600000	37.88	-71.981	44.22	-41.306
20391	69977	-2	401600000	37.891	-72.176	28.815	-105.141
20392	32813	2	401600000	37.62	-72.466	31.04	-40.703
20392	69243	-1	401600000	37.554	-72.798	32.387	-97.607
20393	5452	-2	401600000	37.512	-72.912	45.121	-35.021
20393	21183	-1	401600000	37.454	-73.01	29.731	-35.61
20393	22866	-2	401600000	37.448	-72.999	26.059	-19.203
20393	76720	0	401600000	37.471	-73.428	43.892	-41.213
20394	22317	-2	401600000	37.352	-73.642	24.917	-13.574
20394	61691	-2	401600000	37.399	-73.964	44.225	-39.275
20395	8596	-2	401600000	37.305	-74.201	31.789	-99.005
20395	8596	-2	401600000	37.298	-74.252	40.324	-59.096
20395	68422	-2	401600000	36.696	-73.055	37.846	-66.37
20395	79505	-2	401600000	37.044	-74.173	38.55	-66.035
20396	68434	-2	401600000	36.125	-75.08	40.938	-60.589
20396	84252	3	401600000	36.457	-74.811	31.012	-101.329
20397	55935	-9	401600000	36.124	-74.679	34.653	-67.867
20397	71804	-1	401600000	36.05	-74.728	26.928	-119.402
20398	24208	-2	401600000	36.025	-74.742	32.737	-58.664
20398	60701	-2	401600000	35.768	-74.938	41.678	-104.941
20399	5252	-2	401600000	35.557	-75.163	36.238	-71.913
20399	23238	-2	401600000	35.466	-75.23	28.661	-52.488
20400	30227	-9	401600000	35.596	-74.921	35.546	-74.903
20400	43607	0	401600000	35.548	-74.897	40.622	-100.158
20400	79753	-2	401600000	35.504	-75.155	31.917	-92.313
20400	84809	-9	401600000	35.704	-75.95	28.676	-103.892
20401	29774	-9	401600000	35.472	-74.627	34.606	-70.082
20402	34911	1	401600000	36.078	-75.622	43.507	-111.468
20402	34977	-9	401600000	36.081	-75.613	26.626	-28.337
20402	36071	-2	401600000	36.086	-75.603	33.762	-64.183
20402	55368	-1	401600000	36.052	-75.457	33.096	-60.649
20402	70166	-2	401600000	36.307	-75.114	36.647	-73.954
20403	1398	-2	401600000	36.12	-75.487	25.478	-128.469
20403	39464	-2	401600000	36.135	-75.543	33.821	-64.656
20403	58792	-2	401600000	36.149	-75.574	46.788	-128.506
20404	44025	-2	401600000	36.118	-75.531	40.868	-100.618
20404	58788	-2	401600000	36.086	-75.419	37.863	-85.923
20404	78835	-2	401600000	36.285	-75.418	39.1	-58.542
20405	25958	0	401600000	36.181	-75.41	35.497	-71.526
20405	43660	-2	401600000	36.225	-75.51	45.666	-124.286
20405	48545	-2	401600000	36.246	-75.547	48.059	-137.732
20405	63089	-2	401600000	36.278	-75.547	45.457	-123.195
20405	83238	-1	401600000	36.4	-75.437	32.674	-94.373
20406	11558	-2	401600000	36.394	-75.407	35.162	-81.079
20406	12065	-1	401600000	36.397	-75.539	25.764	-124.18
20406	31482	-2	401600000	36.359	-75.579	44.174	-115.082
20406	32137	1	401600000	36.36	-75.589	39.22	-88.928
20406	67261	-2	401600000	36.428	-75.542	41.63	-50.612
20406	85749	-2	401600000	36.523	-75.551	47.31	-23.199
